0.00628319 0.00367874 -0.0402124
0.00628319 0.0118383 -0.0402124
0.00628319 0.0149525 -0.0402124
0.00628319 0.0167511 -0.0402124
0.00628319 0.0177639 -0.0402124
0.00628319 0.0184555 -0.0402124
0.00628319 0.0187459 -0.0402124
0.00628319 0.0188821 -0.0402124
0.00628319 0.0187494 -0.0402124
0.00628319 0.0185001 -0.0402124
0.00628319 0.0180567 -0.0402124
0.00628319 0.0175299 -0.0402124
0.00628319 0.016846 -0.0402124
0.00628319 0.0161015 -0.0402124
0.00628319 0.0152294 -0.0402124
0.00628319 0.0143096 -0.0402124
0.00628319 0.0132885 -0.0402124
0.00628319 0.0122312 -0.0402124
0.00628319 0.0110955 -0.0402124
0.00628319 0.00993341 -0.0402124
0.00628319 0.00871194 -0.0402124
0.00628319 0.00747249 -0.0402124
0.00628319 0.00618943 -0.0402124
0.00628319 0.00489567 -0.0402124
0.00628319 0.00357145 -0.0402124
0.00628319 0.0022429 -0.0402124
0.00628319 0.000894941 -0.0402124
0.00628319 -0.000451771 -0.0402124
0.00628319 -0.00180861 -0.0402124
0.00628319 -0.00315932 -0.0402124
0.00628319 -0.00451238 -0.0402124
0.00628319 -0.00585512 -0.0402124
0.00628319 -0.00719372 -0.0402124
0.00628319 -0.00851845 -0.0402124
0.00628319 -0.00983369 -0.0402124
0.00628319 -0.0111321 -0.0402124
0.00628319 -0.0124167 -0.0402124
0.00628319 -0.0136821 -0.0402124
0.00628319 -0.0149301 -0.0402124
0.00628319 -0.016157 -0.0402124
0.00628319 -0.0173637 -0.0402124
0.00628319 -0.018548 -0.0402124
0.00628319 -0.0197098 -0.0402124
0.00628319 -0.0208482 -0.0402124
0.00628319 -0.0219625 -0.0402124
0.00628319 -0.0230526 -0.0402124
0.00628319 -0.0241176 -0.0402124
0.00628319 -0.025158 -0.0402124
0.00628319 -0.0261724 -0.0402124
0.00628319 -0.0271619 -0.0402124
0.00628319 -0.0281252 -0.0402124
0.00628319 -0.0290637 -0.0402124
0.00628319 -0.0299758 -0.0402124
0.00628319 -0.0308636 -0.0402124
0.00628319 -0.0317253 -0.0402124
0.00628319 -0.0325637 -0.0402124
0.00628319 -0.0333769 -0.0402124
0.00628319 -0.0341681 -0.0402124
0.00628319 -0.0349356 -0.0402124
0.00628319 -0.0356831 -0.0402124
0.00628319 -0.0364089 -0.0402124
0.00628319 -0.0371172 -0.0402124
0.00628319 -0.0378063 -0.0402124
0.00628319 -0.0384806 -0.0402124
0.00628319 -0.0391386 -0.0402124
0.00628319 -0.0397847 -0.0402124
0.00628319 -0.0404172 -0.0402124
0.00628319 -0.0410406 -0.0402124
0.00628319 -0.0416529 -0.0402124
0.00628319 -0.0422582 -0.0402124
0.00628319 -0.0428544 -0.0402124
0.00628319 -0.0434451 -0.0402124
0.00628319 -0.0440276 -0.0402124
0.00628319 -0.0446052 -0.0402124
0.00628319 -0.0451746 -0.0402124
0.00628319 -0.0457386 -0.0402124
0.00628319 -0.0462933 -0.0402124
0.00628319 -0.046841 -0.0402124
0.00628319 -0.0473774 -0.0402124
0.00628319 -0.0479042 -0.0402124
0.00628319 -0.0484168 -0.0402124
0.00628319 -0.0489166 -0.0402124
0.00628319 -0.0493986 -0.0402124
0.00628319 -0.0498642 -0.0402124
0.00628319 -0.0503082 -0.0402124
0.00628319 -0.0507318 -0.0402124
0.00628319 -0.0511301 -0.0402124
0.00628319 -0.0515043 -0.0402124
0.00628319 -0.0518496 -0.0402124
0.00628319 -0.0521674 -0.0402124
0.00628319 -0.0524534 -0.0402124
0.00628319 -0.0527093 -0.0402124
0.00628319 -0.0529311 -0.0402124
0.00628319 -0.0531208 -0.0402124
0.00628319 -0.053275 -0.0402124
0.00628319 -0.0533962 -0.0402124
0.00628319 -0.0534813 -0.0402124
0.00628319 -0.0535334 -0.0402124
0.00628319 -0.0535499 -0.0402124
0.00628319 -0.0535341 -0.0402124
0.00628319 -0.0534841 -0.0402124
0.00628319 -0.0534034 -0.0402124
0.00628319 -0.0532907 -0.0402124
0.00628319 -0.0531498 -0.0402124
0.00628319 -0.0529795 -0.0402124
0.00628319 -0.0527841 -0.0402124
0.00628319 -0.0525628 -0.0402124
0.00628319 -0.0523199 -0.0402124
0.00628319 -0.0520548 -0.0402124
0.00628319 -0.0517721 -0.0402124
0.00628319 -0.0514712 -0.0402124
0.00628319 -0.0511567 -0.0402124
0.00628319 -0.0508283 -0.0402124
0.00628319 -0.0504904 -0.0402124
0.00628319 -0.0501429 -0.0402124
0.00628319 -0.0497901 -0.0402124
0.00628319 -0.0494317 -0.0402124
0.00628319 -0.049072 -0.0402124
0.00628319 -0.0487107 -0.0402124
0.00628319 -0.0483519 -0.0402124
0.00628319 -0.0479951 -0.0402124
0.00628319 -0.0476443 -0.0402124
0.00628319 -0.0472988 -0.0402124
0.00628319 -0.0469624 -0.0402124
0.00628319 -0.0466343 -0.0402124
0.00628319 -0.0463179 -0.0402124
0.00628319 -0.0460124 -0.0402124
0.00628319 -0.0457209 -0.0402124
0.00628319 -0.0454424 -0.0402124
0.00628319 -0.0451798 -0.0402124
0.00628319 -0.0449319 -0.0402124
0.00628319 -0.0447012 -0.0402124
0.00628319 -0.0444865 -0.0402124
0.00628319 -0.04429 -0.0402124
0.00628319 -0.0441104 -0.0402124
0.00628319 -0.0439496 -0.0402124
0.00628319 -0.0438062 -0.0402124
0.00628319 -0.0436819 -0.0402124
0.00628319 -0.043575 -0.0402124
0.00628319 -0.0434873 -0.0402124
0.00628319 -0.0434169 -0.0402124
0.00628319 -0.0433652 -0.0402124
0.00628319 -0.0433305 -0.0402124
0.00628319 -0.0433141 -0.0402124
0.00628319 -0.043314 -0.0402124
0.00628319 -0.0433315 -0.0402124
0.00628319 -0.0433646 -0.0402124
0.00628319 -0.0434146 -0.0402124
0.00628319 -0.0434793 -0.0402124
0.00628319 -0.04356 -0.0402124
0.00628319 -0.0436547 -0.0402124
0.00628319 -0.0437644 -0.0402124
0.00628319 -0.0438873 -0.0402124
0.00628319 -0.0440243 -0.0402124
0.00628319 -0.0441736 -0.0402124
0.00628319 -0.0443363 -0.0402124
0.00628319 -0.0445104 -0.0402124
0.00628319 -0.0446971 -0.0402124
0.00628319 -0.0448946 -0.0402124
0.00628319 -0.0451038 -0.0402124
0.00628319 -0.0453232 -0.0402124
0.00628319 -0.0455537 -0.0402124
0.00628319 -0.0457937 -0.0402124
0.00628319 -0.0460442 -0.0402124
0.00628319 -0.0463037 -0.0402124
0.00628319 -0.0465731 -0.0402124
0.00628319 -0.0468508 -0.0402124
0.00628319 -0.0471378 -0.0402124
0.00628319 -0.0474327 -0.0402124
0.00628319 -0.0477362 -0.0402124
0.00628319 -0.048047 -0.0402124
0.00628319 -0.0483657 -0.0402124
0.00628319 -0.048691 -0.0402124
0.00628319 -0.0490235 -0.0402124
0.00628319 -0.0493618 -0.0402124
0.00628319 -0.0497065 -0.0402124
0.00628319 -0.0500561 -0.0402124
0.00628319 -0.0504111 -0.0402124
0.00628319 -0.05077 -0.0402124
0.00628319 -0.0511332 -0.0402124
0.00628319 -0.0514991 -0.0402124
0.00628319 -0.0518682 -0.0402124
0.00628319 -0.0522387 -0.0402124
0.00628319 -0.052611 -0.0402124
0.00628319 -0.0529833 -0.0402124
0.00628319 -0.053356 -0.0402124
0.00628319 -0.0537272 -0.0402124
0.00628319 -0.0540971 -0.0402124
0.00628319 -0.0544641 -0.0402124
0.00628319 -0.0548282 -0.0402124
0.00628319 -0.0551877 -0.0402124
0.00628319 -0.0555427 -0.0402124
0.00628319 -0.0558915 -0.0402124
0.00628319 -0.0562342 -0.0402124
0.00628319 -0.0565691 -0.0402124
0.00628319 -0.0568962 -0.0402124
0.00628319 -0.0572141 -0.0402124
0.00628319 -0.0575227 -0.0402124
0.00628319 -0.0578206 -0.0402124
0.00628319 -0.058108 -0.0402124
0.00628319 -0.0583834 -0.0402124
0.00628319 -0.058647 -0.0402124
0.00628319 -0.0588975 -0.0402124
0.00628319 -0.0591351 -0.0402124
0.00628319 -0.0593589 -0.0402124
0.00628319 -0.0595689 -0.0402124
0.00628319 -0.0597643 -0.0402124
0.00628319 -0.0599454 -0.0402124
0.00628319 -0.0601113 -0.0402124
0.00628319 -0.0602626 -0.0402124
0.00628319 -0.0603985 -0.0402124
0.00628319 -0.0605196 -0.0402124
0.00628319 -0.0606253 -0.0402124
0.00628319 -0.0607163 -0.0402124
0.00628319 -0.060792 -0.0402124
0.00628319 -0.0608533 -0.0402124
0.00628319 -0.0608997 -0.0402124
0.00628319 -0.0609322 -0.0402124
0.00628319 -0.0609505 -0.0402124
0.00628319 -0.0609555 -0.0402124
0.00628319 -0.0609471 -0.0402124
0.00628319 -0.0609262 -0.0402124
0.00628319 -0.0608928 -0.0402124
0.00628319 -0.0608479 -0.0402124
0.00628319 -0.0607915 -0.0402124
0.00628319 -0.0607247 -0.0402124
0.00628319 -0.0606476 -0.0402124
0.00628319 -0.0605613 -0.0402124
0.00628319 -0.0604658 -0.0402124
0.00628319 -0.0603624 -0.0402124
0.00628319 -0.0602511 -0.0402124
0.00628319 -0.0601331 -0.0402124
0.00628319 -0.0600086 -0.0402124
0.00628319 -0.0598787 -0.0402124
0.00628319 -0.0597436 -0.0402124
0.00628319 -0.0596043 -0.0402124
0.00628319 -0.0594612 -0.0402124
0.00628319 -0.0593152 -0.0402124
0.00628319 -0.0591666 -0.0402124
0.00628319 -0.0590164 -0.0402124
0.00628319 -0.0588648 -0.0402124
0.00628319 -0.0587128 -0.0402124
0.00628319 -0.0585606 -0.0402124
0.00628319 -0.0584091 -0.0402124
0.00628319 -0.0582586 -0.0402124
0.00628319 -0.0581098 -0.0402124
0.00628319 -0.057963 -0.0402124
0.00628319 -0.0578191 -0.0402124
0.00628319 -0.057678 -0.0402124
0.00628319 -0.0575408 -0.0402124
0.00628319 -0.0574073 -0.0402124
0.00628319 -0.0572785 -0.0402124
0.00628319 -0.0571544 -0.0402124
0.00628319 -0.0570356 -0.0402124
0.00628319 -0.0569223 -0.0402124
0.00628319 -0.0568151 -0.0402124
0.00628319 -0.0567139 -0.0402124
0.00628319 -0.0566195 -0.0402124
0.00628319 -0.0565319 -0.0402124
0.00628319 -0.0564514 -0.0402124
0.00628319 -0.0563783 -0.0402124
0.00628319 -0.0563129 -0.0402124
0.00628319 -0.0562552 -0.0402124
0.00628319 -0.0562057 -0.0402124
0.00628319 -0.0561644 -0.0402124
0.00628319 -0.0561315 -0.0402124
0.00628319 -0.0561071 -0.0402124
0.00628319 -0.0560914 -0.0402124
0.00628319 -0.0560845 -0.0402124
0.00628319 -0.0560866 -0.0402124
0.00628319 -0.0560975 -0.0402124
0.00628319 -0.0561175 -0.0402124
0.00628319 -0.0561466 -0.0402124
0.00628319 -0.0561847 -0.0402124
0.00628319 -0.0562319 -0.0402124
0.00628319 -0.0562882 -0.0402124
0.00628319 -0.0563535 -0.0402124
0.00628319 -0.0564278 -0.0402124
0.00628319 -0.0565108 -0.0402124
0.00628319 -0.0566027 -0.0402124
0.00628319 -0.0567032 -0.0402124
0.00628319 -0.0568122 -0.0402124
0.00628319 -0.0569294 -0.0402124
0.00628319 -0.0570548 -0.0402124
0.00628319 -0.0571881 -0.0402124
0.00628319 -0.0573291 -0.0402124
0.00628319 -0.0574774 -0.0402124
0.00628319 -0.0576329 -0.0402124
0.00628319 -0.0577952 -0.0402124
0.00628319 -0.0579641 -0.0402124
0.00628319 -0.0581391 -0.0402124
0.00628319 -0.0583199 -0.0402124
0.00628319 -0.0585061 -0.0402124
0.00628319 -0.0586975 -0.0402124
0.00628319 -0.0588934 -0.0402124
0.00628319 -0.0590936 -0.0402124
0.00628319 -0.0592975 -0.0402124
0.00628319 -0.0595049 -0.0402124
0.00628319 -0.0597151 -0.0402124
0.00628319 -0.0599278 -0.0402124
0.00628319 -0.0601424 -0.0402124
0.00628319 -0.0603585 -0.0402124
0.00628319 -0.0605757 -0.0402124
0.00628319 -0.0607934 -0.0402124
0.00628319 -0.0610111 -0.0402124
0.00628319 -0.0612285 -0.0402124
0.00628319 -0.0614449 -0.0402124
0.00628319 -0.06166 -0.0402124
0.00628319 -0.0618733 -0.0402124
0.00628319 -0.0620843 -0.0402124
0.00628319 -0.0622926 -0.0402124
0.00628319 -0.0624978 -0.0402124
0.00628319 -0.0626993 -0.0402124
0.00628319 -0.062897 -0.0402124
0.00628319 -0.0630902 -0.0402124
0.00628319 -0.0632788 -0.0402124
0.00628319 -0.0634622 -0.0402124
0.00628319 -0.0636403 -0.0402124
0.00628319 -0.0638126 -0.0402124
0.00628319 -0.0639789 -0.0402124
0.00628319 -0.0641389 -0.0402124
0.00628319 -0.0642923 -0.0402124
0.00628319 -0.064439 -0.0402124
0.00628319 -0.0645786 -0.0402124
0.00628319 -0.0647111 -0.0402124
0.00628319 -0.0648363 -0.0402124
0.00628319 -0.064954 -0.0402124
0.00628319 -0.0650642 -0.0402124
0.00628319 -0.0651667 -0.0402124
0.00628319 -0.0652615 -0.0402124
0.00628319 -0.0653484 -0.0402124
0.00628319 -0.0654277 -0.0402124
0.00628319 -0.0654991 -0.0402124
0.00628319 -0.0655628 -0.0402124
0.00628319 -0.0656188 -0.0402124
0.00628319 -0.0656671 -0.0402124
0.00628319 -0.0657079 -0.0402124
0.00628319 -0.0657413 -0.0402124
0.00628319 -0.0657673 -0.0402124
0.00628319 -0.0657862 -0.0402124
0.00628319 -0.065798 -0.0402124
0.00628319 -0.065803 -0.0402124
0.00628319 -0.0658013 -0.0402124
0.00628319 -0.0657932 -0.0402124
0.00628319 -0.0657789 -0.0402124
0.00628319 -0.0657585 -0.0402124
0.00628319 -0.0657324 -0.0402124
0.00628319 -0.0657009 -0.0402124
0.00628319 -0.065664 -0.0402124
0.00628319 -0.0656222 -0.0402124
0.00628319 -0.0655757 -0.0402124
0.00628319 -0.0655248 -0.0402124
0.00628319 -0.0654698 -0.0402124
0.00628319 -0.0654109 -0.0402124
0.00628319 -0.0653486 -0.0402124
0.00628319 -0.065283 -0.0402124
0.00628319 -0.0652145 -0.0402124
0.00628319 -0.0651434 -0.0402124
0.00628319 -0.0650701 -0.0402124
0.00628319 -0.0649948 -0.0402124
0.00628319 -0.0649178 -0.0402124
0.00628319 -0.0648395 -0.0402124
0.00628319 -0.0647601 -0.0402124
0.00628319 -0.06468 -0.0402124
0.00628319 -0.0645995 -0.0402124
0.00628319 -0.0645188 -0.0402124
0.00628319 -0.0644383 -0.0402124
0.00628319 -0.0643583 -0.0402124
0.00628319 -0.0642791 -0.0402124
0.00628319 -0.0642008 -0.0402124
0.00628319 -0.064124 -0.0402124
0.00628319 -0.0640486 -0.0402124
0.00628319 -0.0639752 -0.0402124
0.00628319 -0.0639038 -0.0402124
0.00628319 -0.0638348 -0.0402124
0.00628319 -0.0637685 -0.0402124
0.00628319 -0.0637049 -0.0402124
0.00628319 -0.0636444 -0.0402124
0.00628319 -0.0635873 -0.0402124
0.00628319 -0.0635336 -0.0402124
0.00628319 -0.0634836 -0.0402124
0.00628319 -0.0634375 -0.0402124
0.00628319 -0.0633955 -0.0402124
0.00628319 -0.0633578 -0.0402124
0.00628319 -0.0633245 -0.0402124
0.00628319 -0.0632958 -0.0402124
0.00628319 -0.0632718 -0.0402124
0.00628319 -0.0632527 -0.0402124
0.00628319 -0.0632386 -0.0402124
0.00628319 -0.0632297 -0.0402124
0.00628319 -0.063226 -0.0402124
0.00628319 -0.0632277 -0.0402124
0.00628319 -0.0632349 -0.0402124
0.00628319 -0.0632476 -0.0402124
0.00628319 -0.063266 -0.0402124
0.00628319 -0.0632901 -0.0402124
0.00628319 -0.06332 -0.0402124
0.00628319 -0.0633558 -0.0402124
0.00628319 -0.0633975 -0.0402124
0.00628319 -0.0634452 -0.0402124
0.00628319 -0.0634989 -0.0402124
0.00628319 -0.0635587 -0.0402124
0.00628319 -0.0636246 -0.0402124
0.00628319 -0.0636966 -0.0402124
0.00628319 -0.0637748 -0.0402124
0.00628319 -0.0638591 -0.0402124
0.00628319 -0.0639496 -0.0402124
0.00628319 -0.0640463 -0.0402124
0.00628319 -0.0641492 -0.0402124
0.00628319 -0.0642582 -0.0402124
0.00628319 -0.0643734 -0.0402124
0.00628319 -0.0644947 -0.0402124
0.00628319 -0.0646221 -0.0402124
0.00628319 -0.0647556 -0.0402124
0.00628319 -0.0648951 -0.0402124
0.00628319 -0.0650405 -0.0402124
0.00628319 -0.0651919 -0.0402124
0.00628319 -0.065349 -0.0402124
0.00628319 -0.0655119 -0.0402124
0.00628319 -0.0656805 -0.0402124
0.00628319 -0.0658546 -0.0402124
0.00628319 -0.0660342 -0.0402124
0.00628319 -0.0662191 -0.0402124
0.00628319 -0.0664091 -0.0402124
0.00628319 -0.0666042 -0.0402124
0.00628319 -0.0668042 -0.0402124
0.00628319 -0.0670089 -0.0402124
0.00628319 -0.0672181 -0.0402124
0.00628319 -0.0674316 -0.0402124
0.00628319 -0.0676493 -0.0402124
0.00628319 -0.0678708 -0.0402124
0.00628319 -0.068096 -0.0402124
0.00628319 -0.0683247 -0.0402124
0.00628319 -0.0685565 -0.0402124
0.00628319 -0.0687912 -0.0402124
0.00628319 -0.0690285 -0.0402124
0.00628319 -0.0692682 -0.0402124
0.00628319 -0.0695099 -0.0402124
0.00628319 -0.0697534 -0.0402124
0.00628319 -0.0699982 -0.0402124
0.00628319 -0.0702442 -0.0402124
0.00628319 -0.070491 -0.0402124
0.00628319 -0.0707382 -0.0402124
0.00628319 -0.0709855 -0.0402124
0.00628319 -0.0712326 -0.0402124
0.00628319 -0.0714792 -0.0402124
0.00628319 -0.0717248 -0.0402124
0.00628319 -0.0719692 -0.0402124
0.00628319 -0.0722121 -0.0402124
0.00628319 -0.072453 -0.0402124
0.00628319 -0.0726918 -0.0402124
0.00628319 -0.072928 -0.0402124
0.00628319 -0.0731613 -0.0402124
0.00628319 -0.0733914 -0.0402124
0.00628319 -0.0736181 -0.0402124
0.00628319 -0.073841 -0.0402124
0.00628319 -0.0740599 -0.0402124
0.00628319 -0.0742745 -0.0402124
0.00628319 -0.0744845 -0.0402124
0.00628319 -0.0746897 -0.0402124
0.00628319 -0.0748899 -0.0402124
0.00628319 -0.0750848 -0.0402124
0.00628319 -0.0752743 -0.0402124
0.00628319 -0.0754581 -0.0402124
0.00628319 -0.0756362 -0.0402124
0.00628319 -0.0758082 -0.0402124
0.00628319 -0.0759742 -0.0402124
0.00628319 -0.0761339 -0.0402124
0.00628319 -0.0762873 -0.0402124
0.00628319 -0.0764342 -0.0402124
0.00628319 -0.0765747 -0.0402124
0.00628319 -0.0767086 -0.0402124
0.00628319 -0.0768359 -0.0402124
0.00628319 -0.0769565 -0.0402124
0.00628319 -0.0770705 -0.0402124
0.00628319 -0.0771778 -0.0402124
0.00628319 -0.0772785 -0.0402124
0.00628319 -0.0773726 -0.0402124
0.00628319 -0.0774602 -0.0402124
0.00628319 -0.0775412 -0.0402124
0.00628319 -0.0776157 -0.0402124
0.00628319 -0.0776839 -0.0402124
0.00628319 -0.0777459 -0.0402124
0.00628319 -0.0778016 -0.0402124
0.00628319 -0.0778513 -0.0402124
0.00628319 -0.077895 -0.0402124
0.00628319 -0.077933 -0.0402124
0.00628319 -0.0779652 -0.0402124
0.00628319 -0.0779919 -0.0402124
0.00628319 -0.0780132 -0.0402124
0.00628319 -0.0780293 -0.0402124
0.00628319 -0.0780403 -0.0402124
0.00628319 -0.0780464 -0.0402124
0.00628319 -0.0780478 -0.0402124
0.00628319 -0.0780446 -0.0402124
0.00628319 -0.078037 -0.0402124
0.00628319 -0.0780252 -0.0402124
0.00628319 -0.0780093 -0.0402124
0.00628319 -0.0779896 -0.0402124
0.00628319 -0.0779662 -0.0402124
