0.020944 0.0121673 -0.134041
0.020944 0.0393829 -0.134041
0.020944 0.0497459 -0.134041
0.020944 0.0557145 -0.134041
0.020944 0.0590937 -0.134041
0.020944 0.0613446 -0.134041
0.020944 0.0622903 -0.134041
0.020944 0.0626932 -0.134041
0.020944 0.0622204 -0.134041
0.020944 0.0613359 -0.134041
0.020944 0.0598248 -0.134041
0.020944 0.0580132 -0.134041
0.020944 0.0556961 -0.134041
0.020944 0.053159 -0.134041
0.020944 0.0502156 -0.134041
0.020944 0.0471011 -0.134041
0.020944 0.0436692 -0.134041
0.020944 0.0401087 -0.134041
0.020944 0.0363069 -0.134041
0.020944 0.0324114 -0.134041
0.020944 0.0283362 -0.134041
0.020944 0.0241963 -0.134041
0.020944 0.0199275 -0.134041
0.020944 0.015619 -0.134041
0.020944 0.0112236 -0.134041
0.020944 0.00681032 -0.134041
0.020944 0.00234542 -0.134041
0.020944 -0.00211824 -0.134041
0.020944 -0.006604 -0.134041
0.020944 -0.0110719 -0.134041
0.020944 -0.0155373 -0.134041
0.020944 -0.0199707 -0.134041
0.020944 -0.0243813 -0.134041
0.020944 -0.0287479 -0.134041
0.020944 -0.0330751 -0.134041
0.020944 -0.0373485 -0.134041
0.020944 -0.041569 -0.134041
0.020944 -0.0457276 -0.134041
0.020944 -0.0498228 -0.134041
0.020944 -0.0538498 -0.134041
0.020944 -0.0578048 -0.134041
0.020944 -0.061687 -0.134041
0.020944 -0.0654908 -0.134041
0.020944 -0.0692182 -0.134041
0.020944 -0.0728626 -0.134041
0.020944 -0.0764282 -0.134041
0.020944 -0.0799074 -0.134041
0.020944 -0.0833065 -0.134041
0.020944 -0.0866171 -0.134041
0.020944 -0.089847 -0.134041
0.020944 -0.0929874 -0.134041
0.020944 -0.0960475 -0.134041
0.020944 -0.0990182 -0.134041
0.020944 -0.10191 -0.134041
0.020944 -0.104714 -0.134041
0.020944 -0.107442 -0.134041
0.020944 -0.110085 -0.134041
0.020944 -0.112657 -0.134041
0.020944 -0.115149 -0.134041
0.020944 -0.117576 -0.134041
0.020944 -0.119932 -0.134041
0.020944 -0.12223 -0.134041
0.020944 -0.124464 -0.134041
0.020944 -0.126651 -0.134041
0.020944 -0.128783 -0.134041
0.020944 -0.130878 -0.134041
0.020944 -0.132928 -0.134041
0.020944 -0.134948 -0.134041
0.020944 -0.136932 -0.134041
0.020944 -0.138894 -0.134041
0.020944 -0.140826 -0.134041
0.020944 -0.142741 -0.134041
0.020944 -0.144629 -0.134041
0.020944 -0.146501 -0.134041
0.020944 -0.148346 -0.134041
0.020944 -0.150174 -0.134041
0.020944 -0.15197 -0.134041
0.020944 -0.153743 -0.134041
0.020944 -0.155477 -0.134041
0.020944 -0.15718 -0.134041
0.020944 -0.158834 -0.134041
0.020944 -0.160445 -0.134041
0.020944 -0.161996 -0.134041
0.020944 -0.163491 -0.134041
0.020944 -0.164913 -0.134041
0.020944 -0.166266 -0.134041
0.020944 -0.167534 -0.134041
0.020944 -0.168721 -0.134041
0.020944 -0.169811 -0.134041
0.020944 -0.170808 -0.134041
0.020944 -0.171699 -0.134041
0.020944 -0.172489 -0.134041
0.020944 -0.173165 -0.134041
0.020944 -0.173734 -0.134041
0.020944 -0.174186 -0.134041
0.020944 -0.174527 -0.134041
0.020944 -0.17475 -0.134041
0.020944 -0.174863 -0.134041
0.020944 -0.17486 -0.134041
0.020944 -0.17475 -0.134041
0.020944 -0.174528 -0.134041
0.020944 -0.174206 -0.134041
0.020944 -0.173779 -0.134041
0.020944 -0.173261 -0.134041
0.020944 -0.172648 -0.134041
0.020944 -0.171953 -0.134041
0.020944 -0.171175 -0.134041
0.020944 -0.170327 -0.134041
0.020944 -0.169408 -0.134041
0.020944 -0.168433 -0.134041
0.020944 -0.167401 -0.134041
0.020944 -0.166326 -0.134041
0.020944 -0.165207 -0.134041
0.020944 -0.164059 -0.134041
0.020944 -0.162882 -0.134041
0.020944 -0.161689 -0.134041
0.020944 -0.16048 -0.134041
0.020944 -0.159267 -0.134041
0.020944 -0.158052 -0.134041
0.020944 -0.156846 -0.134041
0.020944 -0.155648 -0.134041
0.020944 -0.154471 -0.134041
0.020944 -0.153313 -0.134041
0.020944 -0.152185 -0.134041
0.020944 -0.151085 -0.134041
0.020944 -0.150025 -0.134041
0.020944 -0.149001 -0.134041
0.020944 -0.148022 -0.134041
0.020944 -0.147087 -0.134041
0.020944 -0.146204 -0.134041
0.020944 -0.145369 -0.134041
0.020944 -0.144589 -0.134041
0.020944 -0.143862 -0.134041
0.020944 -0.143194 -0.134041
0.020944 -0.142581 -0.134041
0.020944 -0.142028 -0.134041
0.020944 -0.141532 -0.134041
0.020944 -0.141096 -0.134041
0.020944 -0.140717 -0.134041
0.020944 -0.1404 -0.134041
0.020944 -0.140138 -0.134041
0.020944 -0.139936 -0.134041
0.020944 -0.139788 -0.134041
0.020944 -0.139699 -0.134041
0.020944 -0.139662 -0.134041
0.020944 -0.139681 -0.134041
0.020944 -0.139751 -0.134041
0.020944 -0.139873 -0.134041
0.020944 -0.140044 -0.134041
0.020944 -0.140265 -0.134041
0.020944 -0.140531 -0.134041
0.020944 -0.140845 -0.134041
0.020944 -0.141202 -0.134041
0.020944 -0.141603 -0.134041
0.020944 -0.142045 -0.134041
0.020944 -0.142528 -0.134041
0.020944 -0.14305 -0.134041
0.020944 -0.143611 -0.134041
0.020944 -0.144208 -0.134041
0.020944 -0.144843 -0.134041
0.020944 -0.145511 -0.134041
0.020944 -0.146214 -0.134041
0.020944 -0.14695 -0.134041
0.020944 -0.147719 -0.134041
0.020944 -0.148518 -0.134041
0.020944 -0.149349 -0.134041
0.020944 -0.150209 -0.134041
0.020944 -0.151098 -0.134041
0.020944 -0.152015 -0.134041
0.020944 -0.152959 -0.134041
0.020944 -0.153928 -0.134041
0.020944 -0.154923 -0.134041
0.020944 -0.155941 -0.134041
0.020944 -0.156983 -0.134041
0.020944 -0.158044 -0.134041
0.020944 -0.159127 -0.134041
0.020944 -0.160227 -0.134041
0.020944 -0.161345 -0.134041
0.020944 -0.162477 -0.134041
0.020944 -0.163623 -0.134041
0.020944 -0.16478 -0.134041
0.020944 -0.165946 -0.134041
0.020944 -0.167119 -0.134041
0.020944 -0.168298 -0.134041
0.020944 -0.169479 -0.134041
0.020944 -0.170661 -0.134041
0.020944 -0.171839 -0.134041
0.020944 -0.173014 -0.134041
0.020944 -0.174181 -0.134041
0.020944 -0.175338 -0.134041
0.020944 -0.176482 -0.134041
0.020944 -0.177612 -0.134041
0.020944 -0.178723 -0.134041
0.020944 -0.179814 -0.134041
0.020944 -0.180882 -0.134041
0.020944 -0.181925 -0.134041
0.020944 -0.182939 -0.134041
0.020944 -0.183924 -0.134041
0.020944 -0.184876 -0.134041
0.020944 -0.185795 -0.134041
0.020944 -0.186676 -0.134041
0.020944 -0.187519 -0.134041
0.020944 -0.188322 -0.134041
0.020944 -0.189084 -0.134041
0.020944 -0.189803 -0.134041
0.020944 -0.190478 -0.134041
0.020944 -0.191108 -0.134041
0.020944 -0.191692 -0.134041
0.020944 -0.192229 -0.134041
0.020944 -0.192719 -0.134041
0.020944 -0.193162 -0.134041
0.020944 -0.193557 -0.134041
0.020944 -0.193905 -0.134041
0.020944 -0.194206 -0.134041
0.020944 -0.194459 -0.134041
0.020944 -0.194667 -0.134041
0.020944 -0.194829 -0.134041
0.020944 -0.194947 -0.134041
0.020944 -0.19502 -0.134041
0.020944 -0.195052 -0.134041
0.020944 -0.195041 -0.134041
0.020944 -0.194991 -0.134041
0.020944 -0.194903 -0.134041
0.020944 -0.194777 -0.134041
0.020944 -0.194617 -0.134041
0.020944 -0.194423 -0.134041
0.020944 -0.194197 -0.134041
0.020944 -0.193942 -0.134041
0.020944 -0.193658 -0.134041
0.020944 -0.193349 -0.134041
0.020944 -0.193015 -0.134041
0.020944 -0.19266 -0.134041
0.020944 -0.192285 -0.134041
0.020944 -0.191891 -0.134041
0.020944 -0.191482 -0.134041
0.020944 -0.191059 -0.134041
0.020944 -0.190624 -0.134041
0.020944 -0.190179 -0.134041
0.020944 -0.189725 -0.134041
0.020944 -0.189266 -0.134041
0.020944 -0.188802 -0.134041
0.020944 -0.188336 -0.134041
0.020944 -0.187868 -0.134041
0.020944 -0.187402 -0.134041
0.020944 -0.186939 -0.134041
0.020944 -0.18648 -0.134041
0.020944 -0.186027 -0.134041
0.020944 -0.185581 -0.134041
0.020944 -0.185144 -0.134041
0.020944 -0.184717 -0.134041
0.020944 -0.184302 -0.134041
0.020944 -0.1839 -0.134041
0.020944 -0.183512 -0.134041
0.020944 -0.18314 -0.134041
0.020944 -0.182784 -0.134041
0.020944 -0.182445 -0.134041
0.020944 -0.182125 -0.134041
0.020944 -0.181825 -0.134041
0.020944 -0.181546 -0.134041
0.020944 -0.181287 -0.134041
0.020944 -0.181051 -0.134041
0.020944 -0.180838 -0.134041
0.020944 -0.180648 -0.134041
0.020944 -0.180483 -0.134041
0.020944 -0.180343 -0.134041
0.020944 -0.180228 -0.134041
0.020944 -0.180139 -0.134041
0.020944 -0.180077 -0.134041
0.020944 -0.180041 -0.134041
0.020944 -0.180033 -0.134041
0.020944 -0.180052 -0.134041
0.020944 -0.180098 -0.134041
0.020944 -0.180173 -0.134041
0.020944 -0.180275 -0.134041
0.020944 -0.180405 -0.134041
0.020944 -0.180563 -0.134041
0.020944 -0.180749 -0.134041
0.020944 -0.180963 -0.134041
0.020944 -0.181204 -0.134041
0.020944 -0.181472 -0.134041
0.020944 -0.181767 -0.134041
0.020944 -0.182088 -0.134041
0.020944 -0.182436 -0.134041
0.020944 -0.182808 -0.134041
0.020944 -0.183206 -0.134041
0.020944 -0.183627 -0.134041
0.020944 -0.184072 -0.134041
0.020944 -0.184539 -0.134041
0.020944 -0.185028 -0.134041
0.020944 -0.185537 -0.134041
0.020944 -0.186066 -0.134041
0.020944 -0.186614 -0.134041
0.020944 -0.187179 -0.134041
0.020944 -0.18776 -0.134041
0.020944 -0.188356 -0.134041
0.020944 -0.188967 -0.134041
0.020944 -0.189589 -0.134041
0.020944 -0.190223 -0.134041
0.020944 -0.190866 -0.134041
0.020944 -0.191518 -0.134041
0.020944 -0.192177 -0.134041
0.020944 -0.192842 -0.134041
0.020944 -0.19351 -0.134041
0.020944 -0.194181 -0.134041
0.020944 -0.194854 -0.134041
0.020944 -0.195526 -0.134041
0.020944 -0.196196 -0.134041
0.020944 -0.196864 -0.134041
0.020944 -0.197527 -0.134041
0.020944 -0.198184 -0.134041
0.020944 -0.198833 -0.134041
0.020944 -0.199475 -0.134041
0.020944 -0.200106 -0.134041
0.020944 -0.200726 -0.134041
0.020944 -0.201335 -0.134041
0.020944 -0.201929 -0.134041
0.020944 -0.20251 -0.134041
0.020944 -0.203074 -0.134041
0.020944 -0.203623 -0.134041
0.020944 -0.204154 -0.134041
0.020944 -0.204666 -0.134041
0.020944 -0.20516 -0.134041
0.020944 -0.205634 -0.134041
0.020944 -0.206088 -0.134041
0.020944 -0.20652 -0.134041
0.020944 -0.206932 -0.134041
0.020944 -0.207321 -0.134041
0.020944 -0.207688 -0.134041
0.020944 -0.208033 -0.134041
0.020944 -0.208354 -0.134041
0.020944 -0.208653 -0.134041
0.020944 -0.208929 -0.134041
0.020944 -0.209181 -0.134041
0.020944 -0.209411 -0.134041
0.020944 -0.209618 -0.134041
0.020944 -0.209802 -0.134041
0.020944 -0.209963 -0.134041
0.020944 -0.210102 -0.134041
0.020944 -0.210219 -0.134041
0.020944 -0.210314 -0.134041
0.020944 -0.210389 -0.134041
0.020944 -0.210442 -0.134041
0.020944 -0.210476 -0.134041
0.020944 -0.21049 -0.134041
0.020944 -0.210485 -0.134041
0.020944 -0.210461 -0.134041
0.020944 -0.21042 -0.134041
0.020944 -0.210362 -0.134041
0.020944 -0.210288 -0.134041
0.020944 -0.210198 -0.134041
0.020944 -0.210093 -0.134041
0.020944 -0.209975 -0.134041
0.020944 -0.209843 -0.134041
0.020944 -0.2097 -0.134041
0.020944 -0.209545 -0.134041
0.020944 -0.209379 -0.134041
0.020944 -0.209205 -0.134041
0.020944 -0.209021 -0.134041
0.020944 -0.208829 -0.134041
0.020944 -0.208631 -0.134041
0.020944 -0.208426 -0.134041
0.020944 -0.208217 -0.134041
0.020944 -0.208003 -0.134041
0.020944 -0.207786 -0.134041
0.020944 -0.207566 -0.134041
0.020944 -0.207345 -0.134041
0.020944 -0.207123 -0.134041
0.020944 -0.206901 -0.134041
0.020944 -0.206681 -0.134041
0.020944 -0.206462 -0.134041
0.020944 -0.206245 -0.134041
0.020944 -0.206032 -0.134041
0.020944 -0.205824 -0.134041
0.020944 -0.20562 -0.134041
0.020944 -0.205422 -0.134041
0.020944 -0.20523 -0.134041
0.020944 -0.205046 -0.134041
0.020944 -0.204869 -0.134041
0.020944 -0.204701 -0.134041
0.020944 -0.204542 -0.134041
0.020944 -0.204393 -0.134041
0.020944 -0.204254 -0.134041
0.020944 -0.204126 -0.134041
0.020944 -0.204009 -0.134041
0.020944 -0.203904 -0.134041
0.020944 -0.203812 -0.134041
0.020944 -0.203733 -0.134041
0.020944 -0.203667 -0.134041
0.020944 -0.203615 -0.134041
0.020944 -0.203578 -0.134041
0.020944 -0.203555 -0.134041
0.020944 -0.203547 -0.134041
0.020944 -0.203554 -0.134041
0.020944 -0.203578 -0.134041
0.020944 -0.203617 -0.134041
0.020944 -0.203673 -0.134041
0.020944 -0.203746 -0.134041
0.020944 -0.203835 -0.134041
0.020944 -0.203942 -0.134041
0.020944 -0.204066 -0.134041
0.020944 -0.204208 -0.134041
0.020944 -0.204368 -0.134041
0.020944 -0.204546 -0.134041
0.020944 -0.204742 -0.134041
0.020944 -0.204957 -0.134041
0.020944 -0.205191 -0.134041
0.020944 -0.205443 -0.134041
0.020944 -0.205714 -0.134041
0.020944 -0.206005 -0.134041
0.020944 -0.206314 -0.134041
0.020944 -0.206642 -0.134041
0.020944 -0.20699 -0.134041
0.020944 -0.207357 -0.134041
0.020944 -0.207744 -0.134041
0.020944 -0.20815 -0.134041
0.020944 -0.208575 -0.134041
0.020944 -0.209019 -0.134041
0.020944 -0.209482 -0.134041
0.020944 -0.209965 -0.134041
0.020944 -0.210466 -0.134041
0.020944 -0.210986 -0.134041
0.020944 -0.211524 -0.134041
0.020944 -0.212081 -0.134041
0.020944 -0.212655 -0.134041
0.020944 -0.213247 -0.134041
0.020944 -0.213856 -0.134041
0.020944 -0.214481 -0.134041
0.020944 -0.215123 -0.134041
0.020944 -0.21578 -0.134041
0.020944 -0.216453 -0.134041
0.020944 -0.21714 -0.134041
0.020944 -0.217841 -0.134041
0.020944 -0.218555 -0.134041
0.020944 -0.219282 -0.134041
0.020944 -0.22002 -0.134041
0.020944 -0.220769 -0.134041
0.020944 -0.221528 -0.134041
0.020944 -0.222296 -0.134041
0.020944 -0.223072 -0.134041
0.020944 -0.223855 -0.134041
0.020944 -0.224645 -0.134041
0.020944 -0.225439 -0.134041
0.020944 -0.226238 -0.134041
0.020944 -0.22704 -0.134041
0.020944 -0.227843 -0.134041
0.020944 -0.228648 -0.134041
0.020944 -0.229452 -0.134041
0.020944 -0.230255 -0.134041
0.020944 -0.231055 -0.134041
0.020944 -0.231852 -0.134041
0.020944 -0.232645 -0.134041
0.020944 -0.233432 -0.134041
0.020944 -0.234212 -0.134041
0.020944 -0.234984 -0.134041
0.020944 -0.235747 -0.134041
0.020944 -0.236501 -0.134041
0.020944 -0.237244 -0.134041
0.020944 -0.237975 -0.134041
0.020944 -0.238694 -0.134041
0.020944 -0.239399 -0.134041
0.020944 -0.24009 -0.134041
0.020944 -0.240766 -0.134041
0.020944 -0.241426 -0.134041
0.020944 -0.24207 -0.134041
0.020944 -0.242696 -0.134041
0.020944 -0.243305 -0.134041
0.020944 -0.243896 -0.134041
0.020944 -0.244468 -0.134041
0.020944 -0.24502 -0.134041
0.020944 -0.245553 -0.134041
0.020944 -0.246067 -0.134041
0.020944 -0.246559 -0.134041
0.020944 -0.247032 -0.134041
0.020944 -0.247484 -0.134041
0.020944 -0.247914 -0.134041
0.020944 -0.248324 -0.134041
0.020944 -0.248713 -0.134041
0.020944 -0.249081 -0.134041
0.020944 -0.249427 -0.134041
0.020944 -0.249753 -0.134041
0.020944 -0.250058 -0.134041
0.020944 -0.250342 -0.134041
0.020944 -0.250606 -0.134041
0.020944 -0.250849 -0.134041
0.020944 -0.251072 -0.134041
0.020944 -0.251275 -0.134041
0.020944 -0.251459 -0.134041
0.020944 -0.251624 -0.134041
0.020944 -0.25177 -0.134041
0.020944 -0.251897 -0.134041
0.020944 -0.252006 -0.134041
0.020944 -0.252098 -0.134041
0.020944 -0.252173 -0.134041
0.020944 -0.252231 -0.134041
0.020944 -0.252273 -0.134041
0.020944 -0.252299 -0.134041
0.020944 -0.25231 -0.134041
0.020944 -0.252306 -0.134041
0.020944 -0.252287 -0.134041
0.020944 -0.252256 -0.134041
