0.00785398 0.00459645 -0.0502655
0.00785398 0.0147962 -0.0502655
0.00785398 0.0186886 -0.0502655
0.00785398 0.0209362 -0.0502655
0.00785398 0.0222022 -0.0502655
0.00785398 0.0230656 -0.0502655
0.00785398 0.023428 -0.0502655
0.00785398 0.0235972 -0.0502655
0.00785398 0.0234306 -0.0502655
0.00785398 0.0231179 -0.0502655
0.00785398 0.0225629 -0.0502655
0.00785398 0.0219033 -0.0502655
0.00785398 0.0210475 -0.0502655
0.00785398 0.0201157 -0.0502655
0.00785398 0.0190248 -0.0502655
0.00785398 0.0178739 -0.0502655
0.00785398 0.016597 -0.0502655
0.00785398 0.0152745 -0.0502655
0.00785398 0.0138545 -0.0502655
0.00785398 0.0124014 -0.0502655
0.00785398 0.0108744 -0.0502655
0.00785398 0.00932489 -0.0502655
0.00785398 0.00772119 -0.0502655
0.00785398 0.00610403 -0.0502655
0.00785398 0.00444911 -0.0502655
0.00785398 0.0027887 -0.0502655
0.00785398 0.00110431 -0.0502655
0.00785398 -0.00057859 -0.0502655
0.00785398 -0.00227389 -0.0502655
0.00785398 -0.0039616 -0.0502655
0.00785398 -0.00565202 -0.0502655
0.00785398 -0.0073296 -0.0502655
0.00785398 -0.0090018 -0.0502655
0.00785398 -0.0106567 -0.0502655
0.00785398 -0.0122996 -0.0502655
0.00785398 -0.0139216 -0.0502655
0.00785398 -0.015526 -0.0502655
0.00785398 -0.0171065 -0.0502655
0.00785398 -0.0186652 -0.0502655
0.00785398 -0.0201976 -0.0502655
0.00785398 -0.0217046 -0.0502655
0.00785398 -0.0231836 -0.0502655
0.00785398 -0.0246345 -0.0502655
0.00785398 -0.0260561 -0.0502655
0.00785398 -0.0274476 -0.0502655
0.00785398 -0.0288088 -0.0502655
0.00785398 -0.0301386 -0.0502655
0.00785398 -0.0314376 -0.0502655
0.00785398 -0.0327042 -0.0502655
0.00785398 -0.0339398 -0.0502655
0.00785398 -0.0351424 -0.0502655
0.00785398 -0.0363141 -0.0502655
0.00785398 -0.0374528 -0.0502655
0.00785398 -0.0385612 -0.0502655
0.00785398 -0.039637 -0.0502655
0.00785398 -0.0406836 -0.0502655
0.00785398 -0.0416988 -0.0502655
0.00785398 -0.0426864 -0.0502655
0.00785398 -0.0436445 -0.0502655
0.00785398 -0.0445776 -0.0502655
0.00785398 -0.0454836 -0.0502655
0.00785398 -0.0463676 -0.0502655
0.00785398 -0.0472278 -0.0502655
0.00785398 -0.0480695 -0.0502655
0.00785398 -0.0488907 -0.0502655
0.00785398 -0.0496972 -0.0502655
0.00785398 -0.0504867 -0.0502655
0.00785398 -0.0512647 -0.0502655
0.00785398 -0.052029 -0.0502655
0.00785398 -0.0527846 -0.0502655
0.00785398 -0.0535287 -0.0502655
0.00785398 -0.054266 -0.0502655
0.00785398 -0.0549931 -0.0502655
0.00785398 -0.0557141 -0.0502655
0.00785398 -0.0564248 -0.0502655
0.00785398 -0.0571287 -0.0502655
0.00785398 -0.057821 -0.0502655
0.00785398 -0.0585046 -0.0502655
0.00785398 -0.059174 -0.0502655
0.00785398 -0.0598315 -0.0502655
0.00785398 -0.0604711 -0.0502655
0.00785398 -0.0610948 -0.0502655
0.00785398 -0.0616962 -0.0502655
0.00785398 -0.062277 -0.0502655
0.00785398 -0.0628309 -0.0502655
0.00785398 -0.0633593 -0.0502655
0.00785398 -0.0638559 -0.0502655
0.00785398 -0.0643224 -0.0502655
0.00785398 -0.0647528 -0.0502655
0.00785398 -0.0651489 -0.0502655
0.00785398 -0.0655051 -0.0502655
0.00785398 -0.0658236 -0.0502655
0.00785398 -0.0660995 -0.0502655
0.00785398 -0.0663354 -0.0502655
0.00785398 -0.0665269 -0.0502655
0.00785398 -0.0666771 -0.0502655
0.00785398 -0.0667822 -0.0502655
0.00785398 -0.0668461 -0.0502655
0.00785398 -0.0668654 -0.0502655
0.00785398 -0.0668445 -0.0502655
0.00785398 -0.0667808 -0.0502655
0.00785398 -0.0666789 -0.0502655
0.00785398 -0.0665369 -0.0502655
0.00785398 -0.0663597 -0.0502655
0.00785398 -0.0661459 -0.0502655
0.00785398 -0.0659007 -0.0502655
0.00785398 -0.0656232 -0.0502655
0.00785398 -0.0653187 -0.0502655
0.00785398 -0.0649866 -0.0502655
0.00785398 -0.0646324 -0.0502655
0.00785398 -0.0642556 -0.0502655
0.00785398 -0.0638619 -0.0502655
0.00785398 -0.0634508 -0.0502655
0.00785398 -0.063028 -0.0502655
0.00785398 -0.0625931 -0.0502655
0.00785398 -0.0621517 -0.0502655
0.00785398 -0.0617033 -0.0502655
0.00785398 -0.0612534 -0.0502655
0.00785398 -0.0608015 -0.0502655
0.00785398 -0.0603526 -0.0502655
0.00785398 -0.0599064 -0.0502655
0.00785398 -0.0594675 -0.0502655
0.00785398 -0.0590355 -0.0502655
0.00785398 -0.0586147 -0.0502655
0.00785398 -0.0582043 -0.0502655
0.00785398 -0.0578086 -0.0502655
0.00785398 -0.0574265 -0.0502655
0.00785398 -0.0570619 -0.0502655
0.00785398 -0.0567136 -0.0502655
0.00785398 -0.056385 -0.0502655
0.00785398 -0.0560748 -0.0502655
0.00785398 -0.0557861 -0.0502655
0.00785398 -0.0555173 -0.0502655
0.00785398 -0.0552713 -0.0502655
0.00785398 -0.0550463 -0.0502655
0.00785398 -0.0548449 -0.0502655
0.00785398 -0.054665 -0.0502655
0.00785398 -0.0545091 -0.0502655
0.00785398 -0.0543749 -0.0502655
0.00785398 -0.0542645 -0.0502655
0.00785398 -0.0541757 -0.0502655
0.00785398 -0.0541104 -0.0502655
0.00785398 -0.0540661 -0.0502655
0.00785398 -0.0540447 -0.0502655
0.00785398 -0.0540437 -0.0502655
0.00785398 -0.0540645 -0.0502655
0.00785398 -0.0541049 -0.0502655
0.00785398 -0.0541662 -0.0502655
0.00785398 -0.0542461 -0.0502655
0.00785398 -0.0543457 -0.0502655
0.00785398 -0.0544629 -0.0502655
0.00785398 -0.0545987 -0.0502655
0.00785398 -0.054751 -0.0502655
0.00785398 -0.0549209 -0.0502655
0.00785398 -0.0551062 -0.0502655
0.00785398 -0.055308 -0.0502655
0.00785398 -0.0555243 -0.0502655
0.00785398 -0.0557561 -0.0502655
0.00785398 -0.0560015 -0.0502655
0.00785398 -0.0562615 -0.0502655
0.00785398 -0.0565343 -0.0502655
0.00785398 -0.0568208 -0.0502655
0.00785398 -0.0571193 -0.0502655
0.00785398 -0.0574309 -0.0502655
0.00785398 -0.0577537 -0.0502655
0.00785398 -0.0580887 -0.0502655
0.00785398 -0.0584343 -0.0502655
0.00785398 -0.0587915 -0.0502655
0.00785398 -0.0591585 -0.0502655
0.00785398 -0.0595363 -0.0502655
0.00785398 -0.0599232 -0.0502655
0.00785398 -0.06032 -0.0502655
0.00785398 -0.060725 -0.0502655
0.00785398 -0.0611391 -0.0502655
0.00785398 -0.0615604 -0.0502655
0.00785398 -0.0619897 -0.0502655
0.00785398 -0.0624251 -0.0502655
0.00785398 -0.0628674 -0.0502655
0.00785398 -0.0633145 -0.0502655
0.00785398 -0.063767 -0.0502655
0.00785398 -0.0642229 -0.0502655
0.00785398 -0.0646828 -0.0502655
0.00785398 -0.0651445 -0.0502655
0.00785398 -0.0656084 -0.0502655
0.00785398 -0.0660724 -0.0502655
0.00785398 -0.0665368 -0.0502655
0.00785398 -0.0669995 -0.0502655
0.00785398 -0.0674606 -0.0502655
0.00785398 -0.067918 -0.0502655
0.00785398 -0.0683718 -0.0502655
0.00785398 -0.0688199 -0.0502655
0.00785398 -0.0692624 -0.0502655
0.00785398 -0.0696973 -0.0502655
0.00785398 -0.0701244 -0.0502655
0.00785398 -0.0705419 -0.0502655
0.00785398 -0.0709497 -0.0502655
0.00785398 -0.071346 -0.0502655
0.00785398 -0.0717308 -0.0502655
0.00785398 -0.0721023 -0.0502655
0.00785398 -0.0724606 -0.0502655
0.00785398 -0.0728039 -0.0502655
0.00785398 -0.0731326 -0.0502655
0.00785398 -0.073445 -0.0502655
0.00785398 -0.0737414 -0.0502655
0.00785398 -0.0740204 -0.0502655
0.00785398 -0.0742824 -0.0502655
0.00785398 -0.0745261 -0.0502655
0.00785398 -0.074752 -0.0502655
0.00785398 -0.0749591 -0.0502655
0.00785398 -0.0751479 -0.0502655
0.00785398 -0.0753175 -0.0502655
0.00785398 -0.0754687 -0.0502655
0.00785398 -0.0756007 -0.0502655
0.00785398 -0.0757142 -0.0502655
0.00785398 -0.0758089 -0.0502655
0.00785398 -0.0758856 -0.0502655
0.00785398 -0.0759438 -0.0502655
0.00785398 -0.0759846 -0.0502655
0.00785398 -0.0760077 -0.0502655
0.00785398 -0.0760142 -0.0502655
0.00785398 -0.0760041 -0.0502655
0.00785398 -0.0759783 -0.0502655
0.00785398 -0.075937 -0.0502655
0.00785398 -0.0758814 -0.0502655
0.00785398 -0.0758115 -0.0502655
0.00785398 -0.0757286 -0.0502655
0.00785398 -0.0756329 -0.0502655
0.00785398 -0.0755256 -0.0502655
0.00785398 -0.075407 -0.0502655
0.00785398 -0.0752784 -0.0502655
0.00785398 -0.0751402 -0.0502655
0.00785398 -0.0749935 -0.0502655
0.00785398 -0.0748387 -0.0502655
0.00785398 -0.0746771 -0.0502655
0.00785398 -0.0745091 -0.0502655
0.00785398 -0.0743359 -0.0502655
0.00785398 -0.0741578 -0.0502655
0.00785398 -0.0739762 -0.0502655
0.00785398 -0.0737913 -0.0502655
0.00785398 -0.0736044 -0.0502655
0.00785398 -0.0734157 -0.0502655
0.00785398 -0.0732266 -0.0502655
0.00785398 -0.0730371 -0.0502655
0.00785398 -0.0728486 -0.0502655
0.00785398 -0.0726612 -0.0502655
0.00785398 -0.072476 -0.0502655
0.00785398 -0.0722932 -0.0502655
0.00785398 -0.072114 -0.0502655
0.00785398 -0.0719384 -0.0502655
0.00785398 -0.0717674 -0.0502655
0.00785398 -0.0716012 -0.0502655
0.00785398 -0.0714407 -0.0502655
0.00785398 -0.071286 -0.0502655
0.00785398 -0.071138 -0.0502655
0.00785398 -0.0709967 -0.0502655
0.00785398 -0.070863 -0.0502655
0.00785398 -0.0707369 -0.0502655
0.00785398 -0.0706192 -0.0502655
0.00785398 -0.0705098 -0.0502655
0.00785398 -0.0704094 -0.0502655
0.00785398 -0.070318 -0.0502655
0.00785398 -0.0702363 -0.0502655
0.00785398 -0.0701642 -0.0502655
0.00785398 -0.0701022 -0.0502655
0.00785398 -0.0700504 -0.0502655
0.00785398 -0.0700091 -0.0502655
0.00785398 -0.0699783 -0.0502655
0.00785398 -0.0699585 -0.0502655
0.00785398 -0.0699494 -0.0502655
0.00785398 -0.0699516 -0.0502655
0.00785398 -0.0699648 -0.0502655
0.00785398 -0.0699893 -0.0502655
0.00785398 -0.070025 -0.0502655
0.00785398 -0.070072 -0.0502655
0.00785398 -0.0701303 -0.0502655
0.00785398 -0.0702 -0.0502655
0.00785398 -0.0702808 -0.0502655
0.00785398 -0.0703728 -0.0502655
0.00785398 -0.0704757 -0.0502655
0.00785398 -0.0705897 -0.0502655
0.00785398 -0.0707143 -0.0502655
0.00785398 -0.0708495 -0.0502655
0.00785398 -0.070995 -0.0502655
0.00785398 -0.0711508 -0.0502655
0.00785398 -0.0713162 -0.0502655
0.00785398 -0.0714913 -0.0502655
0.00785398 -0.0716756 -0.0502655
0.00785398 -0.0718688 -0.0502655
0.00785398 -0.0720704 -0.0502655
0.00785398 -0.0722802 -0.0502655
0.00785398 -0.0724977 -0.0502655
0.00785398 -0.0727225 -0.0502655
0.00785398 -0.072954 -0.0502655
0.00785398 -0.0731918 -0.0502655
0.00785398 -0.0734354 -0.0502655
0.00785398 -0.0736844 -0.0502655
0.00785398 -0.073938 -0.0502655
0.00785398 -0.0741959 -0.0502655
0.00785398 -0.0744573 -0.0502655
0.00785398 -0.0747219 -0.0502655
0.00785398 -0.0749889 -0.0502655
0.00785398 -0.0752578 -0.0502655
0.00785398 -0.075528 -0.0502655
0.00785398 -0.0757989 -0.0502655
0.00785398 -0.0760699 -0.0502655
0.00785398 -0.0763404 -0.0502655
0.00785398 -0.0766098 -0.0502655
0.00785398 -0.0768776 -0.0502655
0.00785398 -0.0771431 -0.0502655
0.00785398 -0.0774059 -0.0502655
0.00785398 -0.0776652 -0.0502655
0.00785398 -0.0779208 -0.0502655
0.00785398 -0.0781719 -0.0502655
0.00785398 -0.0784181 -0.0502655
0.00785398 -0.0786589 -0.0502655
0.00785398 -0.0788938 -0.0502655
0.00785398 -0.0791225 -0.0502655
0.00785398 -0.0793444 -0.0502655
0.00785398 -0.0795593 -0.0502655
0.00785398 -0.0797667 -0.0502655
0.00785398 -0.0799662 -0.0502655
0.00785398 -0.0801576 -0.0502655
0.00785398 -0.0803407 -0.0502655
0.00785398 -0.080515 -0.0502655
0.00785398 -0.0806805 -0.0502655
0.00785398 -0.0808369 -0.0502655
0.00785398 -0.080984 -0.0502655
0.00785398 -0.0811218 -0.0502655
0.00785398 -0.08125 -0.0502655
0.00785398 -0.0813686 -0.0502655
0.00785398 -0.0814776 -0.0502655
0.00785398 -0.081577 -0.0502655
0.00785398 -0.0816666 -0.0502655
0.00785398 -0.0817467 -0.0502655
0.00785398 -0.0818172 -0.0502655
0.00785398 -0.0818782 -0.0502655
0.00785398 -0.0819298 -0.0502655
0.00785398 -0.0819721 -0.0502655
0.00785398 -0.0820054 -0.0502655
0.00785398 -0.0820297 -0.0502655
0.00785398 -0.0820453 -0.0502655
0.00785398 -0.0820524 -0.0502655
0.00785398 -0.0820513 -0.0502655
0.00785398 -0.0820421 -0.0502655
0.00785398 -0.0820252 -0.0502655
0.00785398 -0.0820008 -0.0502655
0.00785398 -0.0819692 -0.0502655
0.00785398 -0.0819308 -0.0502655
0.00785398 -0.0818859 -0.0502655
0.00785398 -0.0818348 -0.0502655
0.00785398 -0.0817778 -0.0502655
0.00785398 -0.0817154 -0.0502655
0.00785398 -0.0816478 -0.0502655
0.00785398 -0.0815754 -0.0502655
0.00785398 -0.0814987 -0.0502655
0.00785398 -0.0814179 -0.0502655
0.00785398 -0.0813336 -0.0502655
0.00785398 -0.0812459 -0.0502655
0.00785398 -0.0811554 -0.0502655
0.00785398 -0.0810625 -0.0502655
0.00785398 -0.0809674 -0.0502655
0.00785398 -0.0808707 -0.0502655
0.00785398 -0.0807726 -0.0502655
0.00785398 -0.0806736 -0.0502655
0.00785398 -0.080574 -0.0502655
0.00785398 -0.0804743 -0.0502655
0.00785398 -0.0803747 -0.0502655
0.00785398 -0.0802757 -0.0502655
0.00785398 -0.0801776 -0.0502655
0.00785398 -0.0800807 -0.0502655
0.00785398 -0.0799855 -0.0502655
0.00785398 -0.0798922 -0.0502655
0.00785398 -0.0798012 -0.0502655
0.00785398 -0.0797127 -0.0502655
0.00785398 -0.0796272 -0.0502655
0.00785398 -0.0795448 -0.0502655
0.00785398 -0.079466 -0.0502655
0.00785398 -0.0793909 -0.0502655
0.00785398 -0.0793199 -0.0502655
0.00785398 -0.0792532 -0.0502655
0.00785398 -0.0791911 -0.0502655
0.00785398 -0.0791337 -0.0502655
0.00785398 -0.0790815 -0.0502655
0.00785398 -0.0790345 -0.0502655
0.00785398 -0.0789929 -0.0502655
0.00785398 -0.078957 -0.0502655
0.00785398 -0.078927 -0.0502655
0.00785398 -0.0789031 -0.0502655
0.00785398 -0.0788853 -0.0502655
0.00785398 -0.0788739 -0.0502655
0.00785398 -0.078869 -0.0502655
0.00785398 -0.0788707 -0.0502655
0.00785398 -0.0788793 -0.0502655
0.00785398 -0.0788947 -0.0502655
0.00785398 -0.0789171 -0.0502655
0.00785398 -0.0789466 -0.0502655
0.00785398 -0.0789834 -0.0502655
0.00785398 -0.0790274 -0.0502655
0.00785398 -0.0790787 -0.0502655
0.00785398 -0.0791375 -0.0502655
0.00785398 -0.0792038 -0.0502655
0.00785398 -0.0792775 -0.0502655
0.00785398 -0.0793589 -0.0502655
0.00785398 -0.0794479 -0.0502655
0.00785398 -0.0795445 -0.0502655
0.00785398 -0.0796488 -0.0502655
0.00785398 -0.0797608 -0.0502655
0.00785398 -0.0798804 -0.0502655
0.00785398 -0.0800078 -0.0502655
0.00785398 -0.0801428 -0.0502655
0.00785398 -0.0802855 -0.0502655
0.00785398 -0.0804358 -0.0502655
0.00785398 -0.0805938 -0.0502655
0.00785398 -0.0807592 -0.0502655
0.00785398 -0.0809322 -0.0502655
0.00785398 -0.0811127 -0.0502655
0.00785398 -0.0813005 -0.0502655
0.00785398 -0.0814955 -0.0502655
0.00785398 -0.0816978 -0.0502655
0.00785398 -0.0819071 -0.0502655
0.00785398 -0.0821234 -0.0502655
0.00785398 -0.0823465 -0.0502655
0.00785398 -0.0825762 -0.0502655
0.00785398 -0.0828125 -0.0502655
0.00785398 -0.083055 -0.0502655
0.00785398 -0.0833037 -0.0502655
0.00785398 -0.0835583 -0.0502655
0.00785398 -0.0838186 -0.0502655
0.00785398 -0.0840843 -0.0502655
0.00785398 -0.0843552 -0.0502655
0.00785398 -0.084631 -0.0502655
0.00785398 -0.0849114 -0.0502655
0.00785398 -0.0851962 -0.0502655
0.00785398 -0.085485 -0.0502655
0.00785398 -0.0857774 -0.0502655
0.00785398 -0.0860732 -0.0502655
0.00785398 -0.0863719 -0.0502655
0.00785398 -0.0866733 -0.0502655
0.00785398 -0.0869769 -0.0502655
0.00785398 -0.0872822 -0.0502655
0.00785398 -0.0875891 -0.0502655
0.00785398 -0.087897 -0.0502655
0.00785398 -0.0882055 -0.0502655
0.00785398 -0.0885142 -0.0502655
0.00785398 -0.0888227 -0.0502655
0.00785398 -0.0891306 -0.0502655
0.00785398 -0.0894374 -0.0502655
0.00785398 -0.0897427 -0.0502655
0.00785398 -0.0900462 -0.0502655
0.00785398 -0.0903473 -0.0502655
0.00785398 -0.0906458 -0.0502655
0.00785398 -0.0909411 -0.0502655
0.00785398 -0.0912329 -0.0502655
0.00785398 -0.0915208 -0.0502655
0.00785398 -0.0918044 -0.0502655
0.00785398 -0.0920834 -0.0502655
0.00785398 -0.0923574 -0.0502655
0.00785398 -0.0926261 -0.0502655
0.00785398 -0.0928891 -0.0502655
0.00785398 -0.0931462 -0.0502655
0.00785398 -0.0933971 -0.0502655
0.00785398 -0.0936414 -0.0502655
0.00785398 -0.093879 -0.0502655
0.00785398 -0.0941095 -0.0502655
0.00785398 -0.0943329 -0.0502655
0.00785398 -0.0945489 -0.0502655
0.00785398 -0.0947573 -0.0502655
0.00785398 -0.0949579 -0.0502655
0.00785398 -0.0951506 -0.0502655
0.00785398 -0.0953354 -0.0502655
0.00785398 -0.0955121 -0.0502655
0.00785398 -0.0956805 -0.0502655
0.00785398 -0.0958408 -0.0502655
0.00785398 -0.0959928 -0.0502655
0.00785398 -0.0961365 -0.0502655
0.00785398 -0.0962719 -0.0502655
0.00785398 -0.0963991 -0.0502655
0.00785398 -0.0965179 -0.0502655
0.00785398 -0.0966287 -0.0502655
0.00785398 -0.0967312 -0.0502655
0.00785398 -0.0968258 -0.0502655
0.00785398 -0.0969123 -0.0502655
0.00785398 -0.0969911 -0.0502655
0.00785398 -0.0970621 -0.0502655
0.00785398 -0.0971255 -0.0502655
0.00785398 -0.0971815 -0.0502655
0.00785398 -0.0972303 -0.0502655
0.00785398 -0.0972719 -0.0502655
0.00785398 -0.0973065 -0.0502655
0.00785398 -0.0973345 -0.0502655
0.00785398 -0.0973558 -0.0502655
0.00785398 -0.0973708 -0.0502655
0.00785398 -0.0973797 -0.0502655
0.00785398 -0.0973826 -0.0502655
0.00785398 -0.0973798 -0.0502655
0.00785398 -0.0973714 -0.0502655
0.00785398 -0.0973578 -0.0502655
0.00785398 -0.097339 -0.0502655
0.00785398 -0.0973155 -0.0502655
0.00785398 -0.0972872 -0.0502655
