0.00698132 0.00408675 -0.0446804
0.00698132 0.013153 -0.0446804
0.00698132 0.0166132 -0.0446804
0.00698132 0.0186113 -0.0446804
0.00698132 0.0197367 -0.0446804
0.00698132 0.0205047 -0.0446804
0.00698132 0.0208272 -0.0446804
0.00698132 0.0209781 -0.0446804
0.00698132 0.0208304 -0.0446804
0.00698132 0.020553 -0.0446804
0.00698132 0.02006 -0.0446804
0.00698132 0.0194743 -0.0446804
0.00698132 0.0187141 -0.0446804
0.00698132 0.0178864 -0.0446804
0.00698132 0.0169171 -0.0446804
0.00698132 0.0158947 -0.0446804
0.00698132 0.0147599 -0.0446804
0.00698132 0.0135848 -0.0446804
0.00698132 0.0123228 -0.0446804
0.00698132 0.0110314 -0.0446804
0.00698132 0.00967417 -0.0446804
0.00698132 0.00829693 -0.0446804
0.00698132 0.00687135 -0.0446804
0.00698132 0.00543385 -0.0446804
0.00698132 0.00396263 -0.0446804
0.00698132 0.00248657 -0.0446804
0.00698132 0.00098904 -0.0446804
0.00698132 -0.000507126 -0.0446804
0.00698132 -0.00201445 -0.0446804
0.00698132 -0.00351499 -0.0446804
0.00698132 -0.00501805 -0.0446804
0.00698132 -0.00650967 -0.0446804
0.00698132 -0.00799661 -0.0446804
0.00698132 -0.00946818 -0.0446804
0.00698132 -0.0109291 -0.0446804
0.00698132 -0.0123714 -0.0446804
0.00698132 -0.0137983 -0.0446804
0.00698132 -0.0152038 -0.0446804
0.00698132 -0.01659 -0.0446804
0.00698132 -0.0179527 -0.0446804
0.00698132 -0.019293 -0.0446804
0.00698132 -0.0206083 -0.0446804
0.00698132 -0.0218988 -0.0446804
0.00698132 -0.0231631 -0.0446804
0.00698132 -0.0244008 -0.0446804
0.00698132 -0.0256115 -0.0446804
0.00698132 -0.0267943 -0.0446804
0.00698132 -0.0279497 -0.0446804
0.00698132 -0.0290762 -0.0446804
0.00698132 -0.0301753 -0.0446804
0.00698132 -0.031245 -0.0446804
0.00698132 -0.0322873 -0.0446804
0.00698132 -0.0333002 -0.0446804
0.00698132 -0.0342861 -0.0446804
0.00698132 -0.0352431 -0.0446804
0.00698132 -0.0361741 -0.0446804
0.00698132 -0.0370772 -0.0446804
0.00698132 -0.0379558 -0.0446804
0.00698132 -0.0388081 -0.0446804
0.00698132 -0.0396382 -0.0446804
0.00698132 -0.0404442 -0.0446804
0.00698132 -0.0412306 -0.0446804
0.00698132 -0.0419959 -0.0446804
0.00698132 -0.0427447 -0.0446804
0.00698132 -0.0434753 -0.0446804
0.00698132 -0.0441928 -0.0446804
0.00698132 -0.0448951 -0.0446804
0.00698132 -0.0455874 -0.0446804
0.00698132 -0.0462673 -0.0446804
0.00698132 -0.0469395 -0.0446804
0.00698132 -0.0476015 -0.0446804
0.00698132 -0.0482574 -0.0446804
0.00698132 -0.0489043 -0.0446804
0.00698132 -0.0495457 -0.0446804
0.00698132 -0.0501779 -0.0446804
0.00698132 -0.0508042 -0.0446804
0.00698132 -0.0514202 -0.0446804
0.00698132 -0.0520283 -0.0446804
0.00698132 -0.0526239 -0.0446804
0.00698132 -0.0532089 -0.0446804
0.00698132 -0.053778 -0.0446804
0.00698132 -0.0543329 -0.0446804
0.00698132 -0.0548681 -0.0446804
0.00698132 -0.055385 -0.0446804
0.00698132 -0.0558779 -0.0446804
0.00698132 -0.0563482 -0.0446804
0.00698132 -0.0567903 -0.0446804
0.00698132 -0.0572056 -0.0446804
0.00698132 -0.0575888 -0.0446804
0.00698132 -0.0579415 -0.0446804
0.00698132 -0.0582588 -0.0446804
0.00698132 -0.0585426 -0.0446804
0.00698132 -0.0587885 -0.0446804
0.00698132 -0.0589989 -0.0446804
0.00698132 -0.0591697 -0.0446804
0.00698132 -0.0593039 -0.0446804
0.00698132 -0.059398 -0.0446804
0.00698132 -0.0594554 -0.0446804
0.00698132 -0.0594733 -0.0446804
0.00698132 -0.0594553 -0.0446804
0.00698132 -0.0593993 -0.0446804
0.00698132 -0.0593093 -0.0446804
0.00698132 -0.0591836 -0.0446804
0.00698132 -0.0590266 -0.0446804
0.00698132 -0.0588371 -0.0446804
0.00698132 -0.0586197 -0.0446804
0.00698132 -0.0583734 -0.0446804
0.00698132 -0.0581032 -0.0446804
0.00698132 -0.0578084 -0.0446804
0.00698132 -0.0574939 -0.0446804
0.00698132 -0.0571594 -0.0446804
0.00698132 -0.0568097 -0.0446804
0.00698132 -0.0564446 -0.0446804
0.00698132 -0.056069 -0.0446804
0.00698132 -0.0556827 -0.0446804
0.00698132 -0.0552905 -0.0446804
0.00698132 -0.0548922 -0.0446804
0.00698132 -0.0544924 -0.0446804
0.00698132 -0.0540909 -0.0446804
0.00698132 -0.053692 -0.0446804
0.00698132 -0.0532955 -0.0446804
0.00698132 -0.0529056 -0.0446804
0.00698132 -0.0525216 -0.0446804
0.00698132 -0.0521477 -0.0446804
0.00698132 -0.0517831 -0.0446804
0.00698132 -0.0514315 -0.0446804
0.00698132 -0.051092 -0.0446804
0.00698132 -0.050768 -0.0446804
0.00698132 -0.0504585 -0.0446804
0.00698132 -0.0501665 -0.0446804
0.00698132 -0.0498909 -0.0446804
0.00698132 -0.0496345 -0.0446804
0.00698132 -0.0493958 -0.0446804
0.00698132 -0.0491774 -0.0446804
0.00698132 -0.0489776 -0.0446804
0.00698132 -0.0487988 -0.0446804
0.00698132 -0.0486392 -0.0446804
0.00698132 -0.0485009 -0.0446804
0.00698132 -0.0483819 -0.0446804
0.00698132 -0.0482842 -0.0446804
0.00698132 -0.0482056 -0.0446804
0.00698132 -0.0481479 -0.0446804
0.00698132 -0.0481091 -0.0446804
0.00698132 -0.0480905 -0.0446804
0.00698132 -0.04809 -0.0446804
0.00698132 -0.0481091 -0.0446804
0.00698132 -0.0481455 -0.0446804
0.00698132 -0.0482006 -0.0446804
0.00698132 -0.0482722 -0.0446804
0.00698132 -0.0483614 -0.0446804
0.00698132 -0.0484661 -0.0446804
0.00698132 -0.0485876 -0.0446804
0.00698132 -0.0487236 -0.0446804
0.00698132 -0.0488753 -0.0446804
0.00698132 -0.0490407 -0.0446804
0.00698132 -0.0492209 -0.0446804
0.00698132 -0.0494138 -0.0446804
0.00698132 -0.0496207 -0.0446804
0.00698132 -0.0498396 -0.0446804
0.00698132 -0.0500715 -0.0446804
0.00698132 -0.0503147 -0.0446804
0.00698132 -0.0505702 -0.0446804
0.00698132 -0.0508364 -0.0446804
0.00698132 -0.0511141 -0.0446804
0.00698132 -0.0514018 -0.0446804
0.00698132 -0.0517005 -0.0446804
0.00698132 -0.0520085 -0.0446804
0.00698132 -0.0523269 -0.0446804
0.00698132 -0.0526539 -0.0446804
0.00698132 -0.0529905 -0.0446804
0.00698132 -0.0533352 -0.0446804
0.00698132 -0.0536888 -0.0446804
0.00698132 -0.0540496 -0.0446804
0.00698132 -0.0544185 -0.0446804
0.00698132 -0.0547938 -0.0446804
0.00698132 -0.0551762 -0.0446804
0.00698132 -0.055564 -0.0446804
0.00698132 -0.0559579 -0.0446804
0.00698132 -0.0563561 -0.0446804
0.00698132 -0.0567591 -0.0446804
0.00698132 -0.0571652 -0.0446804
0.00698132 -0.0575747 -0.0446804
0.00698132 -0.0579859 -0.0446804
0.00698132 -0.058399 -0.0446804
0.00698132 -0.0588122 -0.0446804
0.00698132 -0.0592257 -0.0446804
0.00698132 -0.0596377 -0.0446804
0.00698132 -0.0600482 -0.0446804
0.00698132 -0.0604555 -0.0446804
0.00698132 -0.0608595 -0.0446804
0.00698132 -0.0612585 -0.0446804
0.00698132 -0.0616525 -0.0446804
0.00698132 -0.0620396 -0.0446804
0.00698132 -0.0624199 -0.0446804
0.00698132 -0.0627916 -0.0446804
0.00698132 -0.0631547 -0.0446804
0.00698132 -0.0635075 -0.0446804
0.00698132 -0.06385 -0.0446804
0.00698132 -0.0641807 -0.0446804
0.00698132 -0.0644996 -0.0446804
0.00698132 -0.0648053 -0.0446804
0.00698132 -0.0650979 -0.0446804
0.00698132 -0.065376 -0.0446804
0.00698132 -0.0656398 -0.0446804
0.00698132 -0.0658881 -0.0446804
0.00698132 -0.0661213 -0.0446804
0.00698132 -0.0663382 -0.0446804
0.00698132 -0.0665392 -0.0446804
0.00698132 -0.0667235 -0.0446804
0.00698132 -0.0668915 -0.0446804
0.00698132 -0.0670424 -0.0446804
0.00698132 -0.0671769 -0.0446804
0.00698132 -0.0672942 -0.0446804
0.00698132 -0.0673953 -0.0446804
0.00698132 -0.0674794 -0.0446804
0.00698132 -0.0675475 -0.0446804
0.00698132 -0.0675992 -0.0446804
0.00698132 -0.0676354 -0.0446804
0.00698132 -0.0676558 -0.0446804
0.00698132 -0.0676614 -0.0446804
0.00698132 -0.0676522 -0.0446804
0.00698132 -0.0676291 -0.0446804
0.00698132 -0.0675922 -0.0446804
0.00698132 -0.0675425 -0.0446804
0.00698132 -0.06748 -0.0446804
0.00698132 -0.067406 -0.0446804
0.00698132 -0.0673206 -0.0446804
0.00698132 -0.0672249 -0.0446804
0.00698132 -0.0671191 -0.0446804
0.00698132 -0.0670045 -0.0446804
0.00698132 -0.0668811 -0.0446804
0.00698132 -0.0667503 -0.0446804
0.00698132 -0.0666123 -0.0446804
0.00698132 -0.0664683 -0.0446804
0.00698132 -0.0663184 -0.0446804
0.00698132 -0.066164 -0.0446804
0.00698132 -0.0660053 -0.0446804
0.00698132 -0.0658434 -0.0446804
0.00698132 -0.0656786 -0.0446804
0.00698132 -0.065512 -0.0446804
0.00698132 -0.0653439 -0.0446804
0.00698132 -0.0651753 -0.0446804
0.00698132 -0.0650065 -0.0446804
0.00698132 -0.0648385 -0.0446804
0.00698132 -0.0646715 -0.0446804
0.00698132 -0.0645065 -0.0446804
0.00698132 -0.0643437 -0.0446804
0.00698132 -0.064184 -0.0446804
0.00698132 -0.0640276 -0.0446804
0.00698132 -0.0638752 -0.0446804
0.00698132 -0.0637272 -0.0446804
0.00698132 -0.0635843 -0.0446804
0.00698132 -0.0634465 -0.0446804
0.00698132 -0.0633147 -0.0446804
0.00698132 -0.063189 -0.0446804
0.00698132 -0.0630699 -0.0446804
0.00698132 -0.0629577 -0.0446804
0.00698132 -0.0628529 -0.0446804
0.00698132 -0.0627555 -0.0446804
0.00698132 -0.0626662 -0.0446804
0.00698132 -0.062585 -0.0446804
0.00698132 -0.0625123 -0.0446804
0.00698132 -0.0624482 -0.0446804
0.00698132 -0.0623932 -0.0446804
0.00698132 -0.0623472 -0.0446804
0.00698132 -0.0623106 -0.0446804
0.00698132 -0.0622834 -0.0446804
0.00698132 -0.0622659 -0.0446804
0.00698132 -0.062258 -0.0446804
0.00698132 -0.0622602 -0.0446804
0.00698132 -0.0622721 -0.0446804
0.00698132 -0.0622942 -0.0446804
0.00698132 -0.0623262 -0.0446804
0.00698132 -0.0623684 -0.0446804
0.00698132 -0.0624206 -0.0446804
0.00698132 -0.0624829 -0.0446804
0.00698132 -0.0625551 -0.0446804
0.00698132 -0.0626373 -0.0446804
0.00698132 -0.0627293 -0.0446804
0.00698132 -0.062831 -0.0446804
0.00698132 -0.0629423 -0.0446804
0.00698132 -0.063063 -0.0446804
0.00698132 -0.0631929 -0.0446804
0.00698132 -0.0633319 -0.0446804
0.00698132 -0.0634795 -0.0446804
0.00698132 -0.0636358 -0.0446804
0.00698132 -0.0638001 -0.0446804
0.00698132 -0.0639725 -0.0446804
0.00698132 -0.0641524 -0.0446804
0.00698132 -0.0643395 -0.0446804
0.00698132 -0.0645335 -0.0446804
0.00698132 -0.0647339 -0.0446804
0.00698132 -0.0649404 -0.0446804
0.00698132 -0.0651525 -0.0446804
0.00698132 -0.0653697 -0.0446804
0.00698132 -0.0655916 -0.0446804
0.00698132 -0.0658178 -0.0446804
0.00698132 -0.0660477 -0.0446804
0.00698132 -0.0662807 -0.0446804
0.00698132 -0.0665166 -0.0446804
0.00698132 -0.0667545 -0.0446804
0.00698132 -0.0669942 -0.0446804
0.00698132 -0.067235 -0.0446804
0.00698132 -0.0674765 -0.0446804
0.00698132 -0.067718 -0.0446804
0.00698132 -0.067959 -0.0446804
0.00698132 -0.0681991 -0.0446804
0.00698132 -0.0684377 -0.0446804
0.00698132 -0.0686743 -0.0446804
0.00698132 -0.0689084 -0.0446804
0.00698132 -0.0691394 -0.0446804
0.00698132 -0.069367 -0.0446804
0.00698132 -0.0695907 -0.0446804
0.00698132 -0.06981 -0.0446804
0.00698132 -0.0700244 -0.0446804
0.00698132 -0.0702337 -0.0446804
0.00698132 -0.0704372 -0.0446804
0.00698132 -0.0706349 -0.0446804
0.00698132 -0.0708261 -0.0446804
0.00698132 -0.0710107 -0.0446804
0.00698132 -0.0711883 -0.0446804
0.00698132 -0.0713586 -0.0446804
0.00698132 -0.0715215 -0.0446804
0.00698132 -0.0716766 -0.0446804
0.00698132 -0.0718238 -0.0446804
0.00698132 -0.0719628 -0.0446804
0.00698132 -0.0720936 -0.0446804
0.00698132 -0.072216 -0.0446804
0.00698132 -0.0723299 -0.0446804
0.00698132 -0.0724353 -0.0446804
0.00698132 -0.0725321 -0.0446804
0.00698132 -0.0726202 -0.0446804
0.00698132 -0.0726997 -0.0446804
0.00698132 -0.0727707 -0.0446804
0.00698132 -0.072833 -0.0446804
0.00698132 -0.072887 -0.0446804
0.00698132 -0.0729325 -0.0446804
0.00698132 -0.0729698 -0.0446804
0.00698132 -0.072999 -0.0446804
0.00698132 -0.0730203 -0.0446804
0.00698132 -0.0730337 -0.0446804
0.00698132 -0.0730396 -0.0446804
0.00698132 -0.0730381 -0.0446804
0.00698132 -0.0730294 -0.0446804
0.00698132 -0.0730139 -0.0446804
0.00698132 -0.0729917 -0.0446804
0.00698132 -0.0729631 -0.0446804
0.00698132 -0.0729284 -0.0446804
0.00698132 -0.0728878 -0.0446804
0.00698132 -0.0728418 -0.0446804
0.00698132 -0.0727906 -0.0446804
0.00698132 -0.0727344 -0.0446804
0.00698132 -0.0726737 -0.0446804
0.00698132 -0.0726088 -0.0446804
0.00698132 -0.07254 -0.0446804
0.00698132 -0.0724676 -0.0446804
0.00698132 -0.0723919 -0.0446804
0.00698132 -0.0723134 -0.0446804
0.00698132 -0.0722324 -0.0446804
0.00698132 -0.0721491 -0.0446804
0.00698132 -0.072064 -0.0446804
0.00698132 -0.0719774 -0.0446804
0.00698132 -0.0718897 -0.0446804
0.00698132 -0.0718011 -0.0446804
0.00698132 -0.071712 -0.0446804
0.00698132 -0.0716228 -0.0446804
0.00698132 -0.0715338 -0.0446804
0.00698132 -0.0714452 -0.0446804
0.00698132 -0.0713575 -0.0446804
0.00698132 -0.0712709 -0.0446804
0.00698132 -0.0711858 -0.0446804
0.00698132 -0.0711025 -0.0446804
0.00698132 -0.0710211 -0.0446804
0.00698132 -0.0709421 -0.0446804
0.00698132 -0.0708657 -0.0446804
0.00698132 -0.0707922 -0.0446804
0.00698132 -0.0707218 -0.0446804
0.00698132 -0.0706548 -0.0446804
0.00698132 -0.0705915 -0.0446804
0.00698132 -0.070532 -0.0446804
0.00698132 -0.0704766 -0.0446804
0.00698132 -0.0704255 -0.0446804
0.00698132 -0.0703789 -0.0446804
0.00698132 -0.070337 -0.0446804
0.00698132 -0.0703 -0.0446804
0.00698132 -0.0702681 -0.0446804
0.00698132 -0.0702415 -0.0446804
0.00698132 -0.0702202 -0.0446804
0.00698132 -0.0702045 -0.0446804
0.00698132 -0.0701945 -0.0446804
0.00698132 -0.0701903 -0.0446804
0.00698132 -0.070192 -0.0446804
0.00698132 -0.0701999 -0.0446804
0.00698132 -0.0702138 -0.0446804
0.00698132 -0.070234 -0.0446804
0.00698132 -0.0702606 -0.0446804
0.00698132 -0.0702936 -0.0446804
0.00698132 -0.0703331 -0.0446804
0.00698132 -0.0703791 -0.0446804
0.00698132 -0.0704318 -0.0446804
0.00698132 -0.0704912 -0.0446804
0.00698132 -0.0705572 -0.0446804
0.00698132 -0.0706301 -0.0446804
0.00698132 -0.0707097 -0.0446804
0.00698132 -0.0707962 -0.0446804
0.00698132 -0.0708894 -0.0446804
0.00698132 -0.0709896 -0.0446804
0.00698132 -0.0710966 -0.0446804
0.00698132 -0.0712104 -0.0446804
0.00698132 -0.0713311 -0.0446804
0.00698132 -0.0714586 -0.0446804
0.00698132 -0.0715929 -0.0446804
0.00698132 -0.071734 -0.0446804
0.00698132 -0.0718817 -0.0446804
0.00698132 -0.0720362 -0.0446804
0.00698132 -0.0721973 -0.0446804
0.00698132 -0.072365 -0.0446804
0.00698132 -0.0725391 -0.0446804
0.00698132 -0.0727196 -0.0446804
0.00698132 -0.0729063 -0.0446804
0.00698132 -0.0730993 -0.0446804
0.00698132 -0.0732983 -0.0446804
0.00698132 -0.0735032 -0.0446804
0.00698132 -0.0737139 -0.0446804
0.00698132 -0.0739302 -0.0446804
0.00698132 -0.0741519 -0.0446804
0.00698132 -0.0743789 -0.0446804
0.00698132 -0.0746109 -0.0446804
0.00698132 -0.0748477 -0.0446804
0.00698132 -0.0750891 -0.0446804
0.00698132 -0.0753348 -0.0446804
0.00698132 -0.0755847 -0.0446804
0.00698132 -0.0758383 -0.0446804
0.00698132 -0.0760955 -0.0446804
0.00698132 -0.076356 -0.0446804
0.00698132 -0.0766193 -0.0446804
0.00698132 -0.0768853 -0.0446804
0.00698132 -0.0771536 -0.0446804
0.00698132 -0.0774238 -0.0446804
0.00698132 -0.0776956 -0.0446804
0.00698132 -0.0779687 -0.0446804
0.00698132 -0.0782427 -0.0446804
0.00698132 -0.0785172 -0.0446804
0.00698132 -0.0787918 -0.0446804
0.00698132 -0.0790663 -0.0446804
0.00698132 -0.0793401 -0.0446804
0.00698132 -0.0796129 -0.0446804
0.00698132 -0.0798844 -0.0446804
0.00698132 -0.0801542 -0.0446804
0.00698132 -0.0804219 -0.0446804
0.00698132 -0.0806872 -0.0446804
0.00698132 -0.0809497 -0.0446804
0.00698132 -0.081209 -0.0446804
0.00698132 -0.0814648 -0.0446804
0.00698132 -0.0817168 -0.0446804
0.00698132 -0.0819646 -0.0446804
0.00698132 -0.0822079 -0.0446804
0.00698132 -0.0824465 -0.0446804
0.00698132 -0.0826801 -0.0446804
0.00698132 -0.0829083 -0.0446804
0.00698132 -0.083131 -0.0446804
0.00698132 -0.0833478 -0.0446804
0.00698132 -0.0835586 -0.0446804
0.00698132 -0.0837631 -0.0446804
0.00698132 -0.0839613 -0.0446804
0.00698132 -0.0841528 -0.0446804
0.00698132 -0.0843375 -0.0446804
0.00698132 -0.0845153 -0.0446804
0.00698132 -0.0846862 -0.0446804
0.00698132 -0.0848498 -0.0446804
0.00698132 -0.0850063 -0.0446804
0.00698132 -0.0851555 -0.0446804
0.00698132 -0.0852973 -0.0446804
0.00698132 -0.0854318 -0.0446804
0.00698132 -0.0855589 -0.0446804
0.00698132 -0.0856787 -0.0446804
0.00698132 -0.085791 -0.0446804
0.00698132 -0.085896 -0.0446804
0.00698132 -0.0859938 -0.0446804
0.00698132 -0.0860843 -0.0446804
0.00698132 -0.0861676 -0.0446804
0.00698132 -0.0862439 -0.0446804
0.00698132 -0.0863132 -0.0446804
0.00698132 -0.0863756 -0.0446804
0.00698132 -0.0864313 -0.0446804
0.00698132 -0.0864804 -0.0446804
0.00698132 -0.0865231 -0.0446804
0.00698132 -0.0865594 -0.0446804
0.00698132 -0.0865895 -0.0446804
0.00698132 -0.0866137 -0.0446804
0.00698132 -0.086632 -0.0446804
0.00698132 -0.0866447 -0.0446804
0.00698132 -0.0866519 -0.0446804
0.00698132 -0.0866539 -0.0446804
0.00698132 -0.0866508 -0.0446804
0.00698132 -0.0866428 -0.0446804
0.00698132 -0.0866301 -0.0446804
0.00698132 -0.0866129 -0.0446804
0.00698132 -0.0865914 -0.0446804
0.00698132 -0.0865658 -0.0446804
