0.0337263
0.116218
0.147024
0.164737
0.175533
0.181392
0.184066
0.184356
0.182388
0.178619
0.173444
0.1669
0.159312
0.150738
0.141401
0.131338
0.12076
0.109645
0.098201
0.0863625
0.0743434
0.0620498
0.0496937
0.0371646
0.0246672
0.0120815
-0.000399085
-0.0128984
-0.025236
-0.0375357
-0.0496304
-0.0616413
-0.0734142
-0.0850662
-0.0964555
-0.107694
-0.118653
-0.129438
-0.13993
-0.150232
-0.160234
-0.170033
-0.179528
-0.188812
-0.197791
-0.206554
-0.215015
-0.223257
-0.231201
-0.238927
-0.246361
-0.25358
-0.260516
-0.267243
-0.273701
-0.279959
-0.285965
-0.291788
-0.297382
-0.302814
-0.308043
-0.313138
-0.318063
-0.322883
-0.327566
-0.332175
-0.336679
-0.341135
-0.345515
-0.349868
-0.354162
-0.358441
-0.36267
-0.366883
-0.371041
-0.375171
-0.37923
-0.383238
-0.387147
-0.390972
-0.394665
-0.398234
-0.401633
-0.404869
-0.407896
-0.410721
-0.413302
-0.415647
-0.41772
-0.419531
-0.421049
-0.422289
-0.423225
-0.423874
-0.424219
-0.424281
-0.424046
-0.423538
-0.42275
-0.421709
-0.420411
-0.418884
-0.417129
-0.415176
-0.413027
-0.410713
-0.408238
-0.405632
-0.402901
-0.400074
-0.397159
-0.394182
-0.391151
-0.388092
-0.385011
-0.381932
-0.378862
-0.375822
-0.372818
-0.369868
-0.366978
-0.364164
-0.361429
-0.358789
-0.356244
-0.353808
-0.35148
-0.349272
-0.347181
-0.345218
-0.343378
-0.34167
-0.34009
-0.338643
-0.337324
-0.336138
-0.335078
-0.334148
-0.333341
-0.33266
-0.332096
-0.331653
-0.331322
-0.331105
-0.330993
-0.330988
-0.331082
-0.331276
-0.331563
-0.331943
-0.33241
-0.332965
-0.3336
-0.334318
-0.335113
-0.335985
-0.33693
-0.33795
-0.339039
-0.3402
-0.341428
-0.342726
-0.344089
-0.345519
-0.347013
-0.348572
-0.350194
-0.351879
-0.353624
-0.35543
-0.357292
-0.359213
-0.361186
-0.363213
-0.365289
-0.367412
-0.369578
-0.371786
-0.374029
-0.376306
-0.37861
-0.380939
-0.383286
-0.385648
-0.388018
-0.390393
-0.392766
-0.395132
-0.397485
-0.39982
-0.402131
-0.404413
-0.406661
-0.408869
-0.411032
-0.413146
-0.415206
-0.417208
-0.419147
-0.421021
-0.422824
-0.424556
-0.426211
-0.42779
-0.429287
-0.430704
-0.432038
-0.433288
-0.434453
-0.435534
-0.436529
-0.43744
-0.438267
-0.439011
-0.439673
-0.440255
-0.440757
-0.441184
-0.441534
-0.441813
-0.44202
-0.442161
-0.442236
-0.442249
-0.442203
-0.4421
-0.441944
-0.441737
-0.441483
-0.441185
-0.440846
-0.440469
-0.440057
-0.439613
-0.43914
-0.438642
-0.438121
-0.43758
-0.437021
-0.436449
-0.435864
-0.435271
-0.434671
-0.434068
-0.433463
-0.432859
-0.432258
-0.431663
-0.431075
-0.430498
-0.429932
-0.429381
-0.428845
-0.428327
-0.427828
-0.427351
-0.426896
-0.426467
-0.426064
-0.425688
-0.425342
-0.425026
-0.424742
-0.424492
-0.424276
-0.424095
-0.423951
-0.423845
-0.423778
-0.423749
-0.423761
-0.423813
-0.423907
-0.424043
-0.42422
-0.42444
-0.424702
-0.425007
-0.425353
-0.425743
-0.426174
-0.426646
-0.42716
-0.427714
-0.428307
-0.428939
-0.429609
-0.430315
-0.431057
-0.431833
-0.432642
-0.433483
-0.434353
-0.435252
-0.436178
-0.437128
-0.438102
-0.439097
-0.440112
-0.441144
-0.442192
-0.443254
-0.444328
-0.445411
-0.446503
-0.4476
-0.448701
-0.449805
-0.450908
-0.45201
-0.453109
-0.454202
-0.455289
-0.456367
-0.457435
-0.458491
-0.459534
-0.460562
-0.461574
-0.462569
-0.463546
-0.464503
-0.465439
-0.466353
-0.467245
-0.468114
-0.468959
-0.469778
-0.470573
-0.471341
-0.472083
-0.472797
-0.473485
-0.474146
-0.474778
-0.475383
-0.475961
-0.47651
-0.477032
-0.477526
-0.477993
-0.478433
-0.478845
-0.479232
-0.479592
-0.479926
-0.480235
-0.480519
-0.480779
-0.481016
-0.481229
-0.48142
-0.481589
-0.481738
-0.481866
-0.481974
-0.482064
-0.482136
-0.482191
-0.482229
-0.482252
-0.48226
-0.482254
-0.482235
-0.482203
-0.482161
-0.482108
-0.482045
-0.481973
-0.481893
-0.481806
-0.481712
-0.481612
-0.481508
-0.481399
-0.481287
-0.481172
-0.481056
-0.480938
-0.480819
-0.480702
-0.480585
-0.480469
-0.480357
-0.480247
-0.480141
-0.48004
-0.479945
-0.479856
-0.479773
-0.479699
-0.479633
-0.479577
-0.479531
-0.479497
-0.479475
-0.479466
-0.479472
-0.479493
-0.479531
-0.479587
-0.479662
-0.479757
-0.479874
-0.480014
-0.480178
-0.480368
-0.480586
-0.480832
-0.481108
-0.481417
-0.481758
-0.482135
-0.482547
-0.482998
-0.483488
-0.484019
-0.484592
-0.485208
-0.485869
-0.486577
-0.487331
-0.488133
-0.488983
-0.489884
-0.490834
-0.491836
-0.492888
-0.493992
-0.495147
-0.496353
-0.497609
-0.498917
-0.500273
-0.501679
-0.503133
-0.504634
-0.506181
-0.507771
-0.509404
-0.511079
-0.512792
-0.514542
-0.516327
-0.518144
-0.519992
-0.521868
-0.52377
-0.525694
-0.527639
-0.529601
-0.531578
-0.533567
-0.535566
-0.537572
-0.539581
-0.541593
-0.543602
-0.545608
-0.547607
-0.549598
-0.551576
-0.553541
-0.555489
-0.557419
-0.559328
-0.561214
-0.563075
-0.564909
-0.566715
-0.56849
-0.570233
-0.571943
-0.573617
-0.575255
-0.576856
-0.578417
-0.579939
-0.58142
-0.582859
-0.584256
-0.585609
-0.586918
-0.588183
-0.589403
-0.590577
-0.591706
-0.592789
-0.593826
-0.594816
-0.595761
-0.596659
-0.597511
-0.598316
-0.599076
-0.59979
-0.600459
-0.601083
-0.601661
-0.602196
