0.0180507
0.0589144
0.0744277
0.0833399
0.088429
0.0917064
0.0930902
0.0935999
0.0928341
0.091403
0.089072
0.0862466
0.0827001
0.0787911
0.0743106
0.0695524
0.0643576
0.0589566
0.0532311
0.0473549
0.0412433
0.0350267
0.0286473
0.0222017
0.0156533
0.00907278
0.00243943
-0.00419637
-0.0108434
-0.0174674
-0.0240684
-0.0306246
-0.03713
-0.0435724
-0.0499415
-0.0562329
-0.0624329
-0.0685432
-0.074548
-0.0804537
-0.086243
-0.0919262
-0.0974847
-0.102932
-0.108249
-0.113451
-0.118518
-0.123469
-0.128283
-0.13298
-0.137539
-0.141981
-0.146287
-0.150477
-0.154534
-0.15848
-0.162298
-0.166011
-0.169605
-0.173105
-0.176496
-0.179804
-0.183018
-0.186162
-0.189226
-0.192236
-0.195179
-0.198081
-0.20093
-0.203748
-0.206522
-0.209273
-0.211983
-0.214672
-0.217321
-0.219943
-0.222519
-0.225061
-0.227544
-0.229979
-0.232341
-0.234637
-0.236842
-0.238961
-0.24097
-0.242874
-0.244649
-0.246301
-0.247807
-0.249174
-0.250381
-0.251436
-0.252322
-0.253049
-0.253601
-0.25399
-0.254204
-0.254256
-0.254138
-0.253864
-0.253427
-0.252845
-0.252112
-0.251246
-0.250245
-0.249127
-0.247892
-0.246558
-0.245126
-0.243614
-0.242024
-0.240375
-0.238668
-0.236922
-0.235138
-0.233334
-0.231513
-0.229691
-0.227869
-0.226063
-0.224274
-0.222517
-0.220793
-0.219114
-0.21748
-0.215904
-0.214384
-0.212932
-0.211544
-0.210232
-0.208992
-0.207833
-0.206751
-0.205753
-0.204836
-0.204005
-0.203256
-0.202595
-0.202015
-0.201522
-0.201109
-0.200781
-0.200532
-0.200365
-0.200273
-0.200259
-0.200318
-0.200452
-0.200654
-0.200927
-0.201265
-0.20167
-0.202136
-0.202665
-0.203252
-0.203899
-0.2046
-0.205357
-0.206166
-0.207028
-0.207939
-0.208901
-0.20991
-0.210967
-0.212068
-0.213215
-0.214404
-0.215637
-0.21691
-0.218223
-0.219573
-0.220962
-0.222384
-0.223841
-0.225329
-0.226847
-0.228392
-0.229963
-0.231556
-0.233169
-0.2348
-0.236445
-0.238101
-0.239765
-0.241434
-0.243104
-0.244772
-0.246434
-0.248085
-0.249724
-0.251345
-0.252945
-0.254521
-0.256068
-0.257583
-0.259063
-0.260503
-0.261902
-0.263256
-0.264561
-0.265815
-0.267016
-0.268161
-0.269248
-0.270275
-0.271241
-0.272144
-0.272983
-0.273757
-0.274466
-0.275109
-0.275686
-0.276197
-0.276643
-0.277024
-0.277341
-0.277595
-0.277788
-0.277919
-0.277993
-0.278009
-0.27797
-0.277878
-0.277735
-0.277544
-0.277306
-0.277025
-0.276703
-0.276342
-0.275945
-0.275514
-0.275054
-0.274565
-0.274051
-0.273515
-0.272959
-0.272386
-0.271799
-0.2712
-0.270591
-0.269976
-0.269356
-0.268734
-0.268113
-0.267494
-0.26688
-0.266273
-0.265675
-0.265087
-0.264513
-0.263953
-0.263409
-0.262884
-0.262378
-0.261893
-0.261432
-0.260994
-0.260582
-0.260196
-0.259839
-0.25951
-0.259212
-0.258945
-0.25871
-0.258508
-0.258339
-0.258206
-0.258107
-0.258044
-0.258017
-0.258027
-0.258074
-0.258158
-0.25828
-0.25844
-0.258637
-0.258872
-0.259144
-0.259453
-0.259799
-0.260182
-0.260601
-0.261055
-0.261543
-0.262066
-0.262621
-0.263209
-0.263827
-0.264475
-0.265152
-0.265856
-0.266586
-0.26734
-0.268117
-0.268915
-0.269733
-0.270569
-0.271421
-0.272287
-0.273166
-0.274055
-0.274953
-0.275858
-0.276768
-0.277681
-0.278595
-0.279508
-0.280418
-0.281324
-0.282224
-0.283115
-0.283996
-0.284866
-0.285723
-0.286565
-0.28739
-0.288198
-0.288987
-0.289755
-0.290501
-0.291225
-0.291925
-0.2926
-0.29325
-0.293873
-0.294468
-0.295036
-0.295576
-0.296087
-0.296568
-0.297021
-0.297443
-0.297836
-0.2982
-0.298533
-0.298838
-0.299113
-0.299359
-0.299576
-0.299765
-0.299927
-0.300061
-0.300169
-0.300251
-0.300307
-0.30034
-0.300348
-0.300334
-0.300298
-0.300241
-0.300165
-0.300069
-0.299955
-0.299824
-0.299677
-0.299515
-0.29934
-0.299151
-0.298951
-0.298741
-0.298521
-0.298293
-0.298058
-0.297817
-0.29757
-0.29732
-0.297067
-0.296812
-0.296557
-0.296302
-0.296048
-0.295797
-0.295549
-0.295306
-0.295068
-0.294836
-0.294611
-0.294394
-0.294186
-0.293988
-0.2938
-0.293624
-0.29346
-0.293308
-0.29317
-0.293046
-0.292937
-0.292844
-0.292767
-0.292706
-0.292663
-0.292637
-0.292631
-0.292643
-0.292674
-0.292726
-0.292798
-0.292891
-0.293006
-0.293142
-0.293301
-0.293483
-0.293687
-0.293916
-0.294169
-0.294445
-0.294747
-0.295074
-0.295427
-0.295805
-0.29621
-0.296641
-0.297098
-0.297583
-0.298095
-0.298634
-0.299201
-0.299795
-0.300417
-0.301067
-0.301744
-0.302448
-0.30318
-0.303939
-0.304725
-0.305537
-0.306376
-0.307239
-0.308128
-0.309042
-0.309979
-0.310939
-0.311921
-0.312924
-0.313947
-0.31499
-0.31605
-0.317127
-0.31822
-0.319327
-0.320447
-0.321578
-0.32272
-0.32387
-0.325027
-0.326189
-0.327356
-0.328525
-0.329695
-0.330863
-0.33203
-0.333192
-0.334349
-0.335499
-0.33664
-0.337772
-0.338891
-0.339997
-0.341089
-0.342166
-0.343225
-0.344266
-0.345287
-0.346288
-0.347268
-0.348224
-0.349157
-0.350066
-0.350949
-0.351807
-0.352638
-0.353441
-0.354217
-0.354965
-0.355684
-0.356374
-0.357035
-0.357666
-0.358268
-0.35884
-0.359383
-0.359896
-0.36038
-0.360834
-0.361259
-0.361655
-0.362022
-0.362361
-0.362672
-0.362955
-0.363211
-0.36344
-0.363643
-0.36382
-0.363972
-0.3641
-0.364203
-0.364283
-0.36434
-0.364375
