0.0121673
0.0393829
0.0497459
0.0557145
0.0590937
0.0613446
0.0622903
0.0626932
0.0622204
0.0613359
0.0598248
0.0580132
0.0556961
0.053159
0.0502156
0.0471011
0.0436692
0.0401087
0.0363069
0.0324114
0.0283362
0.0241963
0.0199275
0.015619
0.0112236
0.00681032
0.00234542
-0.00211824
-0.006604
-0.0110719
-0.0155373
-0.0199707
-0.0243813
-0.0287479
-0.0330751
-0.0373485
-0.041569
-0.0457276
-0.0498228
-0.0538498
-0.0578048
-0.061687
-0.0654908
-0.0692182
-0.0728626
-0.0764282
-0.0799074
-0.0833065
-0.0866171
-0.089847
-0.0929874
-0.0960475
-0.0990182
-0.10191
-0.104714
-0.107442
-0.110085
-0.112657
-0.115149
-0.117576
-0.119932
-0.12223
-0.124464
-0.126651
-0.128783
-0.130878
-0.132928
-0.134948
-0.136932
-0.138894
-0.140826
-0.142741
-0.144629
-0.146501
-0.148346
-0.150174
-0.15197
-0.153743
-0.155477
-0.15718
-0.158834
-0.160445
-0.161996
-0.163491
-0.164913
-0.166266
-0.167534
-0.168721
-0.169811
-0.170808
-0.171699
-0.172489
-0.173165
-0.173734
-0.174186
-0.174527
-0.17475
-0.174863
-0.17486
-0.17475
-0.174528
-0.174206
-0.173779
-0.173261
-0.172648
-0.171953
-0.171175
-0.170327
-0.169408
-0.168433
-0.167401
-0.166326
-0.165207
-0.164059
-0.162882
-0.161689
-0.16048
-0.159267
-0.158052
-0.156846
-0.155648
-0.154471
-0.153313
-0.152185
-0.151085
-0.150025
-0.149001
-0.148022
-0.147087
-0.146204
-0.145369
-0.144589
-0.143862
-0.143194
-0.142581
-0.142028
-0.141532
-0.141096
-0.140717
-0.1404
-0.140138
-0.139936
-0.139788
-0.139699
-0.139662
-0.139681
-0.139751
-0.139873
-0.140044
-0.140265
-0.140531
-0.140845
-0.141202
-0.141603
-0.142045
-0.142528
-0.14305
-0.143611
-0.144208
-0.144843
-0.145511
-0.146214
-0.14695
-0.147719
-0.148518
-0.149349
-0.150209
-0.151098
-0.152015
-0.152959
-0.153928
-0.154923
-0.155941
-0.156983
-0.158044
-0.159127
-0.160227
-0.161345
-0.162477
-0.163623
-0.16478
-0.165946
-0.167119
-0.168298
-0.169479
-0.170661
-0.171839
-0.173014
-0.174181
-0.175338
-0.176482
-0.177612
-0.178723
-0.179814
-0.180882
-0.181925
-0.182939
-0.183924
-0.184876
-0.185795
-0.186676
-0.187519
-0.188322
-0.189084
-0.189803
-0.190478
-0.191108
-0.191692
-0.192229
-0.192719
-0.193162
-0.193557
-0.193905
-0.194206
-0.194459
-0.194667
-0.194829
-0.194947
-0.19502
-0.195052
-0.195041
-0.194991
-0.194903
-0.194777
-0.194617
-0.194423
-0.194197
-0.193942
-0.193658
-0.193349
-0.193015
-0.19266
-0.192285
-0.191891
-0.191482
-0.191059
-0.190624
-0.190179
-0.189725
-0.189266
-0.188802
-0.188336
-0.187868
-0.187402
-0.186939
-0.18648
-0.186027
-0.185581
-0.185144
-0.184717
-0.184302
-0.1839
-0.183512
-0.18314
-0.182784
-0.182445
-0.182125
-0.181825
-0.181546
-0.181287
-0.181051
-0.180838
-0.180648
-0.180483
-0.180343
-0.180228
-0.180139
-0.180077
-0.180041
-0.180033
-0.180052
-0.180098
-0.180173
-0.180275
-0.180405
-0.180563
-0.180749
-0.180963
-0.181204
-0.181472
-0.181767
-0.182088
-0.182436
-0.182808
-0.183206
-0.183627
-0.184072
-0.184539
-0.185028
-0.185537
-0.186066
-0.186614
-0.187179
-0.18776
-0.188356
-0.188967
-0.189589
-0.190223
-0.190866
-0.191518
-0.192177
-0.192842
-0.19351
-0.194181
-0.194854
-0.195526
-0.196196
-0.196864
-0.197527
-0.198184
-0.198833
-0.199475
-0.200106
-0.200726
-0.201335
-0.201929
-0.20251
-0.203074
-0.203623
-0.204154
-0.204666
-0.20516
-0.205634
-0.206088
-0.20652
-0.206932
-0.207321
-0.207688
-0.208033
-0.208354
-0.208653
-0.208929
-0.209181
-0.209411
-0.209618
-0.209802
-0.209963
-0.210102
-0.210219
-0.210314
-0.210389
-0.210442
-0.210476
-0.21049
-0.210485
-0.210461
-0.21042
-0.210362
-0.210288
-0.210198
-0.210093
-0.209975
-0.209843
-0.2097
-0.209545
-0.209379
-0.209205
-0.209021
-0.208829
-0.208631
-0.208426
-0.208217
-0.208003
-0.207786
-0.207566
-0.207345
-0.207123
-0.206901
-0.206681
-0.206462
-0.206245
-0.206032
-0.205824
-0.20562
-0.205422
-0.20523
-0.205046
-0.204869
-0.204701
-0.204542
-0.204393
-0.204254
-0.204126
-0.204009
-0.203904
-0.203812
-0.203733
-0.203667
-0.203615
-0.203578
-0.203555
-0.203547
-0.203554
-0.203578
-0.203617
-0.203673
-0.203746
-0.203835
-0.203942
-0.204066
-0.204208
-0.204368
-0.204546
-0.204742
-0.204957
-0.205191
-0.205443
-0.205714
-0.206005
-0.206314
-0.206642
-0.20699
-0.207357
-0.207744
-0.20815
-0.208575
-0.209019
-0.209482
-0.209965
-0.210466
-0.210986
-0.211524
-0.212081
-0.212655
-0.213247
-0.213856
-0.214481
-0.215123
-0.21578
-0.216453
-0.21714
-0.217841
-0.218555
-0.219282
-0.22002
-0.220769
-0.221528
-0.222296
-0.223072
-0.223855
-0.224645
-0.225439
-0.226238
-0.22704
-0.227843
-0.228648
-0.229452
-0.230255
-0.231055
-0.231852
-0.232645
-0.233432
-0.234212
-0.234984
-0.235747
-0.236501
-0.237244
-0.237975
-0.238694
-0.239399
-0.24009
-0.240766
-0.241426
-0.24207
-0.242696
-0.243305
-0.243896
-0.244468
-0.24502
-0.245553
-0.246067
-0.246559
-0.247032
-0.247484
-0.247914
-0.248324
-0.248713
-0.249081
-0.249427
-0.249753
-0.250058
-0.250342
-0.250606
-0.250849
-0.251072
-0.251275
-0.251459
-0.251624
-0.25177
-0.251897
-0.252006
-0.252098
-0.252173
-0.252231
-0.252273
-0.252299
-0.25231
-0.252306
-0.252287
-0.252256
