0.00915994
0.0295653
0.0373437
0.0418291
0.0443619
0.0460691
0.046786
0.0471062
0.0467623
0.046118
0.0449964
0.0436576
0.0419329
0.0400497
0.0378549
0.0355359
0.0329717
0.0303138
0.0274679
0.0245536
0.0214981
0.0183958
0.0151909
0.0119577
0.00865413
0.00533831
0.00197916
-0.00137809
-0.00475602
-0.00811972
-0.0114852
-0.0148258
-0.0181525
-0.0214455
-0.0247117
-0.0279368
-0.0311245
-0.0342652
-0.0373601
-0.0404033
-0.0433941
-0.0463295
-0.0492076
-0.0520276
-0.0547864
-0.0574855
-0.0601207
-0.0626951
-0.0652038
-0.0676514
-0.0700324
-0.0723524
-0.0746058
-0.0767994
-0.0789274
-0.0809978
-0.0830049
-0.0849578
-0.0868513
-0.0886955
-0.0904855
-0.0922321
-0.093931
-0.0955936
-0.0972154
-0.0988081
-0.100367
-0.101904
-0.103413
-0.104905
-0.106374
-0.107831
-0.109267
-0.11069
-0.112094
-0.113484
-0.11485
-0.1162
-0.11752
-0.118817
-0.120078
-0.121306
-0.12249
-0.123632
-0.12472
-0.125757
-0.12673
-0.127642
-0.128481
-0.129252
-0.129943
-0.130558
-0.131088
-0.131538
-0.131899
-0.132178
-0.132367
-0.132474
-0.132492
-0.13243
-0.132284
-0.132061
-0.131759
-0.131388
-0.130944
-0.130438
-0.129869
-0.129246
-0.128569
-0.127849
-0.127085
-0.126288
-0.125457
-0.124603
-0.123726
-0.122837
-0.121934
-0.121029
-0.120121
-0.119219
-0.118323
-0.117442
-0.116575
-0.11573
-0.114906
-0.114112
-0.113345
-0.112613
-0.111913
-0.111252
-0.110627
-0.110045
-0.109503
-0.109005
-0.108549
-0.108139
-0.107772
-0.107452
-0.107174
-0.106943
-0.106755
-0.106613
-0.106512
-0.106456
-0.10644
-0.106467
-0.106532
-0.106638
-0.10678
-0.106962
-0.107177
-0.10743
-0.107714
-0.108033
-0.108383
-0.108765
-0.109175
-0.109616
-0.110084
-0.110581
-0.111103
-0.111652
-0.112225
-0.112824
-0.113445
-0.114091
-0.114758
-0.115447
-0.116157
-0.116887
-0.117637
-0.118406
-0.119191
-0.119995
-0.120813
-0.121648
-0.122495
-0.123355
-0.124226
-0.125107
-0.125996
-0.126893
-0.127794
-0.128699
-0.129605
-0.130512
-0.131416
-0.132317
-0.133211
-0.134098
-0.134975
-0.13584
-0.136691
-0.137527
-0.138345
-0.139143
-0.139919
-0.140673
-0.141401
-0.142104
-0.142777
-0.143422
-0.144035
-0.144617
-0.145165
-0.14568
-0.14616
-0.146604
-0.147013
-0.147385
-0.147721
-0.14802
-0.148282
-0.148508
-0.148698
-0.148853
-0.148971
-0.149056
-0.149107
-0.149125
-0.149111
-0.149066
-0.148991
-0.148889
-0.148758
-0.148603
-0.148422
-0.148219
-0.147994
-0.147749
-0.147486
-0.147206
-0.14691
-0.146601
-0.146279
-0.145947
-0.145605
-0.145257
-0.144901
-0.144542
-0.144179
-0.143815
-0.14345
-0.143086
-0.142725
-0.142367
-0.142014
-0.141667
-0.141327
-0.140996
-0.140674
-0.140362
-0.140062
-0.139773
-0.139498
-0.139237
-0.13899
-0.13876
-0.138545
-0.138347
-0.138166
-0.138004
-0.13786
-0.137736
-0.137631
-0.137546
-0.137481
-0.137437
-0.137414
-0.137412
-0.137432
-0.137473
-0.137536
-0.13762
-0.137727
-0.137855
-0.138005
-0.138176
-0.138369
-0.138582
-0.138817
-0.139072
-0.139347
-0.139642
-0.139956
-0.140288
-0.140638
-0.141006
-0.14139
-0.141791
-0.142206
-0.142635
-0.143078
-0.143533
-0.144
-0.144477
-0.144964
-0.145459
-0.145961
-0.14647
-0.146983
-0.147501
-0.148022
-0.148544
-0.149067
-0.149589
-0.15011
-0.150628
-0.151142
-0.151651
-0.152154
-0.15265
-0.153137
-0.153616
-0.154085
-0.154543
-0.15499
-0.155423
-0.155844
-0.156251
-0.156643
-0.15702
-0.157381
-0.157725
-0.158053
-0.158364
-0.158658
-0.158934
-0.159192
-0.159431
-0.159653
-0.159856
-0.160041
-0.160208
-0.160356
-0.160487
-0.160599
-0.160694
-0.160772
-0.160833
-0.160877
-0.160905
-0.160917
-0.160913
-0.160895
-0.160863
-0.160816
-0.160757
-0.160684
-0.1606
-0.160505
-0.160398
-0.160282
-0.160157
-0.160022
-0.15988
-0.15973
-0.159574
-0.159413
-0.159246
-0.159074
-0.158899
-0.158722
-0.158541
-0.15836
-0.158178
-0.157995
-0.157813
-0.157632
-0.157454
-0.157277
-0.157104
-0.156935
-0.15677
-0.15661
-0.156456
-0.156308
-0.156167
-0.156032
-0.155906
-0.155787
-0.155678
-0.155577
-0.155486
-0.155405
-0.155334
-0.155274
-0.155225
-0.155187
-0.155161
-0.155147
-0.155145
-0.155156
-0.15518
-0.155216
-0.155266
-0.15533
-0.155406
-0.155497
-0.155602
-0.155721
-0.155854
-0.156001
-0.156163
-0.156339
-0.15653
-0.156736
-0.156957
-0.157192
-0.157443
-0.157708
-0.157988
-0.158283
-0.158593
-0.158917
-0.159256
-0.15961
-0.159978
-0.160361
-0.160758
-0.161169
-0.161593
-0.162031
-0.162482
-0.162946
-0.163423
-0.163912
-0.164413
-0.164925
-0.165448
-0.165981
-0.166524
-0.167077
-0.167638
-0.168207
-0.168784
-0.169368
-0.169957
-0.170552
-0.171151
-0.171754
-0.172361
-0.172969
-0.173579
-0.174189
-0.174799
-0.175408
-0.176015
-0.176619
-0.17722
-0.177816
-0.178407
-0.178992
-0.179571
-0.180141
-0.180704
-0.181257
-0.181801
-0.182334
-0.182857
-0.183368
-0.183867
-0.184353
-0.184826
-0.185285
-0.18573
-0.186161
-0.186577
-0.186978
-0.187364
-0.187734
-0.188088
-0.188427
-0.188749
-0.189055
-0.189345
-0.189619
-0.189877
-0.190118
-0.190344
-0.190554
-0.190747
-0.190926
-0.191089
-0.191237
-0.19137
-0.191488
-0.191592
-0.191682
-0.191758
-0.191821
-0.191871
-0.191908
-0.191933
-0.191946
-0.191948
-0.191939
-0.191919
-0.191888
-0.191848
