0.00734063
0.0236627
0.0298878
0.0334798
0.0355056
0.0368788
0.0374553
0.0377183
0.0374473
0.0369391
0.0360462
0.0349826
0.0336079
0.0321088
0.0303579
0.0285092
0.0264617
0.0243402
0.0220657
0.0197373
0.0172934
0.0148127
0.0122478
0.00966072
0.00701541
0.00436076
0.00166969
-0.00101946
-0.00372672
-0.00642225
-0.00912056
-0.0117987
-0.0144669
-0.0171079
-0.0197284
-0.0223157
-0.024874
-0.0273945
-0.0298791
-0.0323219
-0.0347236
-0.0370806
-0.0393922
-0.0416572
-0.0438736
-0.0460419
-0.0481595
-0.0502281
-0.0522445
-0.0542117
-0.0561258
-0.057991
-0.059803
-0.0615668
-0.0632784
-0.0649435
-0.0665582
-0.0681292
-0.0696528
-0.0711366
-0.0725771
-0.0739828
-0.0753502
-0.0766883
-0.0779939
-0.0792759
-0.0805308
-0.0817677
-0.0829825
-0.0841837
-0.0853666
-0.0865387
-0.0876945
-0.0888407
-0.0899704
-0.0910894
-0.0921897
-0.0932761
-0.0943397
-0.0953841
-0.0964
-0.0973901
-0.0983446
-0.0992659
-0.100144
-0.100981
-0.101767
-0.102505
-0.103185
-0.10381
-0.104371
-0.104871
-0.105304
-0.105672
-0.10597
-0.106201
-0.10636
-0.106454
-0.106476
-0.106434
-0.106324
-0.106154
-0.105919
-0.105628
-0.105279
-0.104881
-0.10443
-0.103938
-0.103401
-0.102829
-0.102222
-0.101588
-0.100926
-0.100246
-0.0995474
-0.0988382
-0.0981184
-0.0973961
-0.096671
-0.095951
-0.0952354
-0.0945316
-0.0938389
-0.0931642
-0.0925063
-0.0918718
-0.0912591
-0.0906741
-0.0901152
-0.0895877
-0.0890895
-0.0886254
-0.0881932
-0.087797
-0.0874342
-0.0871088
-0.0868176
-0.0865643
-0.0863456
-0.0861646
-0.0860178
-0.0859081
-0.085832
-0.0857918
-0.085784
-0.0858109
-0.0858687
-0.0859596
-0.0860799
-0.0862315
-0.0864109
-0.0866198
-0.0868549
-0.0871178
-0.0874051
-0.0877187
-0.0880552
-0.0884164
-0.0887992
-0.0892052
-0.0896314
-0.0900796
-0.0905469
-0.0910349
-0.0915409
-0.0920665
-0.0926089
-0.0931698
-0.0937465
-0.0943403
-0.0949488
-0.0955731
-0.0962107
-0.0968627
-0.0975265
-0.0982029
-0.0988894
-0.0995867
-0.100292
-0.101006
-0.101726
-0.102451
-0.103181
-0.103913
-0.104646
-0.10538
-0.106111
-0.10684
-0.107563
-0.10828
-0.108989
-0.109689
-0.110376
-0.111052
-0.111712
-0.112358
-0.112985
-0.113594
-0.114182
-0.114749
-0.115293
-0.115813
-0.116308
-0.116778
-0.11722
-0.117635
-0.118022
-0.11838
-0.118709
-0.119009
-0.119279
-0.119519
-0.11973
-0.119911
-0.120062
-0.120185
-0.12028
-0.120346
-0.120385
-0.120397
-0.120384
-0.120345
-0.120283
-0.120197
-0.120089
-0.119961
-0.119812
-0.119645
-0.119461
-0.11926
-0.119044
-0.118815
-0.118573
-0.11832
-0.118057
-0.117786
-0.117507
-0.117223
-0.116933
-0.11664
-0.116344
-0.116047
-0.11575
-0.115454
-0.11516
-0.114869
-0.114581
-0.114299
-0.114023
-0.113754
-0.113492
-0.113239
-0.112995
-0.112761
-0.112538
-0.112327
-0.112127
-0.111941
-0.111767
-0.111608
-0.111462
-0.111332
-0.111217
-0.111117
-0.111033
-0.110966
-0.110915
-0.110882
-0.110865
-0.110866
-0.110884
-0.11092
-0.110973
-0.111044
-0.111133
-0.11124
-0.111364
-0.111506
-0.111664
-0.111841
-0.112034
-0.112244
-0.112469
-0.112711
-0.112969
-0.113241
-0.113528
-0.11383
-0.114144
-0.114471
-0.114811
-0.115162
-0.115524
-0.115896
-0.116277
-0.116666
-0.117063
-0.117467
-0.117877
-0.118291
-0.11871
-0.119132
-0.119556
-0.119981
-0.120406
-0.120831
-0.121254
-0.121675
-0.122093
-0.122507
-0.122915
-0.123317
-0.123713
-0.124101
-0.124481
-0.124852
-0.125213
-0.125564
-0.125904
-0.126233
-0.126549
-0.126853
-0.127144
-0.127421
-0.127685
-0.127934
-0.128169
-0.12839
-0.128596
-0.128787
-0.128963
-0.129124
-0.12927
-0.1294
-0.129517
-0.129618
-0.129704
-0.129777
-0.129835
-0.129879
-0.129909
-0.129927
-0.129931
-0.129923
-0.129902
-0.12987
-0.129827
-0.129773
-0.129708
-0.129634
-0.129551
-0.129459
-0.129359
-0.129251
-0.129136
-0.129015
-0.128889
-0.128757
-0.12862
-0.128479
-0.128335
-0.128188
-0.128039
-0.127888
-0.127736
-0.127584
-0.127432
-0.12728
-0.12713
-0.126981
-0.126834
-0.126691
-0.126551
-0.126414
-0.126282
-0.126155
-0.126032
-0.125916
-0.125806
-0.125702
-0.125605
-0.125515
-0.125433
-0.125359
-0.125293
-0.125236
-0.125188
-0.125149
-0.12512
-0.1251
-0.12509
-0.125091
-0.125102
-0.125123
-0.125155
-0.125199
-0.125253
-0.125318
-0.125395
-0.125484
-0.125584
-0.125696
-0.125819
-0.125955
-0.126102
-0.126262
-0.126433
-0.126617
-0.126812
-0.12702
-0.127239
-0.127471
-0.127715
-0.127971
-0.128238
-0.128518
-0.128809
-0.129112
-0.129426
-0.129752
-0.130088
-0.130436
-0.130795
-0.131164
-0.131543
-0.131932
-0.132331
-0.132739
-0.133156
-0.133581
-0.134015
-0.134456
-0.134905
-0.13536
-0.135821
-0.136288
-0.13676
-0.137237
-0.137718
-0.138202
-0.138688
-0.139177
-0.139667
-0.140158
-0.140649
-0.141139
-0.141628
-0.142115
-0.1426
-0.143081
-0.143558
-0.144031
-0.144499
-0.144961
-0.145416
-0.145864
-0.146305
-0.146738
-0.147162
-0.147577
-0.147983
-0.148378
-0.148763
-0.149137
-0.1495
-0.149851
-0.150191
-0.150518
-0.150833
-0.151136
-0.151426
-0.151703
-0.151967
-0.152218
-0.152456
-0.152681
-0.152893
-0.153091
-0.153277
-0.15345
-0.15361
-0.153758
-0.153893
-0.154015
-0.154126
-0.154224
-0.154311
-0.154386
-0.154451
-0.154504
-0.154547
-0.154579
-0.154601
-0.154614
-0.154618
-0.154612
-0.154598
-0.154575
-0.154545
-0.154506
