0.00612292
0.0197236
0.0249123
0.0279073
0.0295954
0.0307431
0.031225
0.0314473
0.0312233
0.0308031
0.0300611
0.0291782
0.0280349
0.026789
0.0253322
0.0237947
0.0220902
0.0203246
0.0184302
0.0164913
0.014455
0.0123884
0.0102505
0.00809442
0.00588891
0.00367585
0.00143162
-0.000810807
-0.00306905
-0.00531735
-0.00756861
-0.00980291
-0.0120295
-0.0142332
-0.0164203
-0.0185797
-0.0207153
-0.0228192
-0.0248936
-0.0269331
-0.0289385
-0.0309066
-0.0328371
-0.0347285
-0.0365797
-0.0383907
-0.0401596
-0.0418875
-0.0435721
-0.0452155
-0.0468148
-0.0483732
-0.0498873
-0.0513612
-0.0527916
-0.0541832
-0.0555327
-0.0568458
-0.0581194
-0.0593597
-0.060564
-0.0617391
-0.0628823
-0.064001
-0.0650925
-0.0661643
-0.0672136
-0.0682477
-0.0692634
-0.0702677
-0.0712566
-0.0722366
-0.073203
-0.0741612
-0.0751058
-0.0760413
-0.0769614
-0.0778698
-0.0787592
-0.0796328
-0.0804825
-0.0813109
-0.0821096
-0.0828807
-0.0836158
-0.0843168
-0.0849756
-0.085594
-0.0861642
-0.0866887
-0.0871599
-0.0875809
-0.0879451
-0.0882558
-0.0885074
-0.0887039
-0.0888405
-0.088922
-0.0889443
-0.0889129
-0.0888246
-0.0886855
-0.088493
-0.0882538
-0.0879659
-0.0876363
-0.0872638
-0.0868554
-0.0864104
-0.085936
-0.0854318
-0.084905
-0.0843554
-0.0837901
-0.083209
-0.0826192
-0.0820203
-0.0814194
-0.0808159
-0.0802167
-0.079621
-0.0790352
-0.0784585
-0.0778968
-0.077349
-0.0768208
-0.0763107
-0.0758239
-0.0753587
-0.0749198
-0.0745054
-0.0741195
-0.0737602
-0.0734311
-0.0731299
-0.0728599
-0.0726187
-0.0724091
-0.0722284
-0.0720794
-0.071959
-0.0718697
-0.0718084
-0.0717773
-0.0717733
-0.0717983
-0.0718493
-0.071928
-0.0720313
-0.0721608
-0.0723136
-0.0724911
-0.0726905
-0.0729133
-0.0731564
-0.0734216
-0.0737059
-0.0740109
-0.0743339
-0.0746764
-0.0750357
-0.0754135
-0.0758071
-0.0762181
-0.076644
-0.0770863
-0.0775427
-0.0780144
-0.0784993
-0.0789985
-0.0795099
-0.0800345
-0.0805701
-0.0811178
-0.0816752
-0.0822432
-0.0828195
-0.0834047
-0.0839966
-0.0845957
-0.0851995
-0.0858085
-0.08642
-0.0870345
-0.0876492
-0.0882644
-0.0888775
-0.0894884
-0.0900946
-0.0906961
-0.0912901
-0.0918766
-0.092453
-0.0930192
-0.0935727
-0.0941134
-0.0946389
-0.0951491
-0.0956417
-0.0961169
-0.0965724
-0.0970083
-0.0974228
-0.097816
-0.0981863
-0.0985339
-0.0988575
-0.0991574
-0.0994324
-0.0996832
-0.0999087
-0.10011
-0.100285
-0.100437
-0.100563
-0.100665
-0.100743
-0.100798
-0.10083
-0.100839
-0.100827
-0.100794
-0.10074
-0.100667
-0.100576
-0.100467
-0.100341
-0.1002
-0.100044
-0.0998746
-0.0996925
-0.0994992
-0.0992952
-0.0990822
-0.0988606
-0.0986321
-0.0983973
-0.0981576
-0.0979136
-0.0976668
-0.0974178
-0.097168
-0.0969178
-0.0966687
-0.0964211
-0.0961763
-0.0959348
-0.0956978
-0.0954656
-0.0952394
-0.0950195
-0.094807
-0.0946023
-0.0944062
-0.0942191
-0.0940418
-0.0938746
-0.0937183
-0.093573
-0.0934396
-0.0933181
-0.0932093
-0.0931131
-0.0930303
-0.0929608
-0.0929052
-0.0928635
-0.0928362
-0.0928232
-0.0928249
-0.0928412
-0.0928724
-0.0929184
-0.0929794
-0.0930552
-0.093146
-0.0932515
-0.0933719
-0.0935067
-0.0936561
-0.0938195
-0.093997
-0.0941882
-0.0943927
-0.0946103
-0.0948405
-0.0950829
-0.0953371
-0.0956026
-0.0958788
-0.0961652
-0.0964613
-0.0967664
-0.0970798
-0.097401
-0.0977292
-0.0980637
-0.0984038
-0.0987487
-0.0990978
-0.0994502
-0.0998052
-0.100162
-0.10052
-0.100878
-0.101235
-0.101591
-0.101945
-0.102296
-0.102643
-0.102986
-0.103324
-0.103657
-0.103983
-0.104301
-0.104613
-0.104915
-0.10521
-0.105495
-0.10577
-0.106035
-0.106289
-0.106532
-0.106764
-0.106984
-0.107192
-0.107388
-0.107572
-0.107743
-0.107902
-0.108048
-0.108181
-0.108302
-0.10841
-0.108505
-0.108588
-0.108659
-0.108717
-0.108763
-0.108798
-0.108821
-0.108833
-0.108834
-0.108825
-0.108805
-0.108775
-0.108736
-0.108688
-0.108631
-0.108566
-0.108494
-0.108414
-0.108327
-0.108234
-0.108135
-0.108031
-0.107922
-0.107808
-0.107691
-0.107571
-0.107447
-0.107321
-0.107194
-0.107065
-0.106935
-0.106806
-0.106676
-0.106547
-0.106418
-0.106292
-0.106167
-0.106045
-0.105926
-0.10581
-0.105698
-0.10559
-0.105487
-0.105388
-0.105295
-0.105207
-0.105125
-0.10505
-0.104981
-0.104919
-0.104863
-0.104816
-0.104776
-0.104743
-0.104719
-0.104703
-0.104696
-0.104697
-0.104708
-0.104727
-0.104755
-0.104793
-0.10484
-0.104897
-0.104963
-0.105039
-0.105125
-0.10522
-0.105326
-0.105442
-0.105568
-0.105703
-0.10585
-0.106006
-0.106172
-0.106349
-0.106535
-0.106732
-0.106939
-0.107156
-0.107382
-0.107619
-0.107866
-0.108122
-0.108387
-0.108663
-0.108947
-0.109241
-0.109543
-0.109854
-0.110174
-0.110502
-0.110838
-0.111181
-0.111532
-0.11189
-0.112255
-0.112626
-0.113002
-0.113384
-0.113772
-0.114163
-0.114559
-0.114959
-0.115361
-0.115767
-0.116174
-0.116583
-0.116993
-0.117403
-0.117813
-0.118223
-0.118631
-0.119038
-0.119442
-0.119843
-0.120241
-0.120635
-0.121025
-0.121409
-0.121788
-0.122161
-0.122527
-0.122887
-0.123239
-0.123583
-0.123919
-0.124247
-0.124566
-0.124875
-0.125176
-0.125466
-0.125746
-0.126017
-0.126276
-0.126526
-0.126764
-0.126992
-0.127209
-0.127415
-0.12761
-0.127794
-0.127967
-0.128129
-0.128281
-0.128421
-0.128551
-0.12867
-0.128779
-0.128877
-0.128966
-0.129044
-0.129113
-0.129172
-0.129222
-0.129263
-0.129295
-0.129318
-0.129334
-0.129341
-0.12934
-0.129333
-0.129318
-0.129296
-0.129267
-0.129232
