0.00525117
0.0169084
0.0213565
0.0239245
0.0253714
0.0263569
0.0267707
0.0269629
0.0267719
0.0264134
0.0257785
0.0250234
0.0240447
0.0229786
0.021731
0.0204148
0.0189547
0.0174425
0.0158193
0.0141581
0.0124129
0.0106418
0.00880916
0.00696102
0.00507004
0.0031727
0.00124823
-0.000674608
-0.00261137
-0.00453952
-0.00647053
-0.00838694
-0.010297
-0.0121874
-0.0140638
-0.0159164
-0.0177488
-0.019554
-0.021334
-0.0230841
-0.024805
-0.026494
-0.0281508
-0.0297741
-0.031363
-0.0329174
-0.0344358
-0.035919
-0.0373651
-0.0387758
-0.0401488
-0.0414866
-0.0427866
-0.044052
-0.0452801
-0.0464749
-0.0476338
-0.0487613
-0.0498549
-0.05092
-0.0519541
-0.0529633
-0.0539451
-0.0549058
-0.0558432
-0.0567637
-0.0576649
-0.058553
-0.0594253
-0.0602878
-0.0611371
-0.0619787
-0.0628086
-0.0636315
-0.0644428
-0.0652462
-0.0660365
-0.0668167
-0.0675807
-0.068331
-0.069061
-0.0697727
-0.070459
-0.0711216
-0.0717535
-0.0723562
-0.0729226
-0.0734545
-0.0739452
-0.0743966
-0.0748025
-0.0751653
-0.0754794
-0.0757477
-0.0759652
-0.0761356
-0.0762546
-0.0763263
-0.0763473
-0.0763222
-0.0762482
-0.0761307
-0.0759673
-0.0757638
-0.0755185
-0.0752374
-0.0749194
-0.0745706
-0.0741903
-0.0737848
-0.0733536
-0.072903
-0.0724326
-0.0719489
-0.0714515
-0.0709465
-0.0704338
-0.0699192
-0.0694024
-0.0688892
-0.0683789
-0.0678772
-0.0673832
-0.066902
-0.0664329
-0.0659804
-0.0655435
-0.0651266
-0.0647282
-0.0643524
-0.0639976
-0.0636673
-0.0633598
-0.0630783
-0.0628208
-0.0625901
-0.062384
-0.0622052
-0.0620512
-0.0619245
-0.0618223
-0.0617469
-0.0616955
-0.0616702
-0.0616681
-0.061691
-0.0617362
-0.0618052
-0.0618953
-0.0620081
-0.0621408
-0.0622948
-0.0624676
-0.0626605
-0.0628709
-0.0631003
-0.063346
-0.0636096
-0.0638886
-0.0641843
-0.0644945
-0.0648206
-0.0651602
-0.0655148
-0.0658821
-0.0662636
-0.066657
-0.0670637
-0.0674816
-0.0679119
-0.0683524
-0.0688044
-0.0692658
-0.0697375
-0.0702175
-0.0707067
-0.0712029
-0.0717068
-0.0722163
-0.072732
-0.0732517
-0.0737758
-0.0743021
-0.0748308
-0.0753598
-0.0758892
-0.0764167
-0.0769423
-0.0774638
-0.0779812
-0.0784922
-0.0789967
-0.0794925
-0.0799795
-0.0804556
-0.0809206
-0.0813726
-0.0818114
-0.082235
-0.0826436
-0.0830352
-0.0834101
-0.0837664
-0.0841045
-0.0844227
-0.0847216
-0.0849996
-0.0852574
-0.0854937
-0.0857091
-0.0859027
-0.0860753
-0.086226
-0.0863558
-0.086464
-0.0865516
-0.0866183
-0.0866651
-0.0866917
-0.0866995
-0.0866882
-0.0866592
-0.0866125
-0.0865494
-0.08647
-0.0863759
-0.0862671
-0.0861452
-0.0860103
-0.0858641
-0.0857068
-0.08554
-0.0853639
-0.08518
-0.0849888
-0.0847917
-0.0845891
-0.0843823
-0.0841719
-0.0839591
-0.0837443
-0.083529
-0.0833133
-0.0830986
-0.0828851
-0.0826742
-0.0824661
-0.0822619
-0.0820618
-0.081867
-0.0816777
-0.0814947
-0.0813185
-0.0811497
-0.0809887
-0.0808362
-0.0806924
-0.0805581
-0.0804332
-0.0803186
-0.0802143
-0.080121
-0.0800385
-0.0799676
-0.0799083
-0.0798609
-0.0798255
-0.0798025
-0.0797918
-0.0797939
-0.0798085
-0.079836
-0.0798763
-0.0799295
-0.0799954
-0.0800743
-0.0801659
-0.0802703
-0.0803871
-0.0805164
-0.0806579
-0.0808115
-0.0809768
-0.0811538
-0.0813418
-0.0815408
-0.0817503
-0.0819699
-0.0821992
-0.0824378
-0.0826851
-0.0829408
-0.0832041
-0.0834747
-0.0837519
-0.0840351
-0.0843238
-0.0846172
-0.0849148
-0.0852159
-0.0855198
-0.0858259
-0.0861335
-0.0864419
-0.0867504
-0.0870585
-0.0873653
-0.0876703
-0.0879727
-0.088272
-0.0885675
-0.0888586
-0.0891447
-0.0894253
-0.0896997
-0.0899676
-0.0902282
-0.0904813
-0.0907263
-0.0909628
-0.0911905
-0.0914089
-0.0916178
-0.0918169
-0.0920058
-0.0921844
-0.0923526
-0.09251
-0.0926567
-0.0927924
-0.0929172
-0.093031
-0.0931339
-0.0932258
-0.0933068
-0.093377
-0.0934366
-0.0934857
-0.0935244
-0.0935529
-0.0935716
-0.0935805
-0.0935801
-0.0935705
-0.0935521
-0.0935253
-0.0934902
-0.0934474
-0.0933971
-0.0933398
-0.0932758
-0.0932056
-0.0931295
-0.0930479
-0.0929614
-0.0928703
-0.092775
-0.092676
-0.0925738
-0.0924687
-0.0923612
-0.0922517
-0.0921408
-0.0920287
-0.091916
-0.091803
-0.0916902
-0.091578
-0.0914668
-0.091357
-0.091249
-0.0911432
-0.0910399
-0.0909395
-0.0908424
-0.0907489
-0.0906594
-0.0905741
-0.0904934
-0.0904175
-0.0903469
-0.0902816
-0.0902221
-0.0901685
-0.0901212
-0.0900802
-0.0900459
-0.0900184
-0.0899979
-0.0899846
-0.0899788
-0.0899804
-0.0899898
-0.0900069
-0.090032
-0.0900652
-0.0901065
-0.0901561
-0.090214
-0.0902804
-0.0903553
-0.0904387
-0.0905307
-0.0906314
-0.0907408
-0.0908589
-0.0909858
-0.0911214
-0.0912658
-0.0914189
-0.0915807
-0.0917512
-0.0919305
-0.0921183
-0.0923147
-0.0925196
-0.0927329
-0.0929545
-0.0931843
-0.0934222
-0.0936681
-0.0939217
-0.094183
-0.0944517
-0.0947276
-0.0950106
-0.0953003
-0.0955966
-0.0958991
-0.0962076
-0.0965217
-0.0968412
-0.0971656
-0.0974946
-0.097828
-0.0981651
-0.0985057
-0.0988493
-0.0991956
-0.0995439
-0.099894
-0.100245
-0.100597
-0.10095
-0.101302
-0.101654
-0.102004
-0.102353
-0.102699
-0.103044
-0.103385
-0.103722
-0.104056
-0.104385
-0.104709
-0.105029
-0.105342
-0.10565
-0.105951
-0.106245
-0.106532
-0.106812
-0.107084
-0.107349
-0.107605
-0.107852
-0.108091
-0.108322
-0.108543
-0.108755
-0.108958
-0.109152
-0.109336
-0.109511
-0.109676
-0.109832
-0.109979
-0.110116
-0.110243
-0.110362
-0.110471
-0.110571
-0.110663
-0.110745
-0.110819
-0.110884
-0.110941
-0.11099
-0.111031
-0.111064
-0.11109
-0.111108
-0.111119
-0.111124
-0.111122
-0.111113
-0.111099
-0.111078
-0.111052
-0.111021
