12 29.8536
12 30.5268
12 30.7261
12 31.2854
12 31.4122
12 31.6096
12 31.5901
12 31.5796
12 31.4488
12 31.3056
12 31.0889
12 30.8571
12 30.5751
12 30.2802
12 29.9504
12 29.6104
12 29.2459
12 28.8743
12 28.4855
12 28.0926
12 27.6882
12 27.2822
12 26.8691
12 26.4565
12 26.0401
12 25.6261
12 25.211
12 24.7997
12 24.3895
12 23.9842
12 23.5817
12 23.1849
12 22.7923
12 22.4062
12 22.0251
12 21.6512
12 21.283
12 20.9224
12 20.5681
12 20.2215
12 19.8817
12 19.5497
12 19.2249
12 18.9078
12 18.5981
12 18.2961
12 18.0014
12 17.7145
12 17.4348
12 17.1628
12 16.8979
12 16.6405
12 16.3901
12 16.147
12 15.9108
12 15.6817
12 15.4593
12 15.2439
12 15.0351
12 14.8331
12 14.6378
12 14.4492
12 14.2673
12 14.0921
12 13.9238
12 13.7622
12 13.6076
12 13.46
12 13.3196
12 13.1863
12 13.0604
12 12.9418
12 12.8307
12 12.7272
12 12.6312
12 12.5429
12 12.4622
12 12.389
12 12.3234
12 12.2652
12 12.2144
12 12.1707
12 12.134
12 12.1041
12 12.0807
12 12.0634
12 12.0522
12 12.0466
12 12.0462
12 12.0508
12 12.0599
12 12.0732
12 12.0902
12 12.1106
12 12.134
12 12.1599
12 12.1881
12 12.218
12 12.2493
12 12.2817
12 12.3148
12 12.3482
12 12.3817
12 12.4149
12 12.4476
12 12.4794
12 12.5102
12 12.5396
12 12.5677
12 12.5939
12 12.6184
12 12.6407
12 12.661
12 12.679
12 12.6947
12 12.708
12 12.7188
12 12.727
12 12.7328
12 12.736
12 12.7366
12 12.7347
12 12.7303
12 12.7233
12 12.7139
12 12.7021
12 12.6881
12 12.6716
12 12.6531
12 12.6324
12 12.6097
12 12.585
12 12.5585
12 12.5302
12 12.5002
12 12.4687
12 12.4357
12 12.4012
12 12.3656
12 12.3287
12 12.2907
12 12.2517
12 12.2119
12 12.1712
12 12.1299
12 12.0879
12 12.0454
12 12.0024
12 11.9591
12 11.9154
12 11.8716
12 11.8276
12 11.7837
12 11.7397
12 11.6959
12 11.6523
12 11.6089
12 11.5658
12 11.5231
12 11.4808
12 11.4392
12 11.398
12 11.3575
12 11.3177
12 11.2787
12 11.2405
12 11.2032
12 11.1667
12 11.1313
12 11.0969
12 11.0637
12 11.0315
12 11.0005
12 10.9707
12 10.9422
12 10.915
12 10.8891
12 10.8646
12 10.8415
12 10.8197
12 10.7994
12 10.7806
12 10.7632
12 10.7473
12 10.7328
12 10.7198
12 10.7084
12 10.6983
12 10.6897
12 10.6825
12 10.6767
12 10.6722
12 10.6691
12 10.6673
12 10.6668
12 10.6674
12 10.6692
12 10.6721
12 10.6761
12 10.681
12 10.6869
12 10.6936
12 10.7011
12 10.7093
12 10.7183
12 10.7277
12 10.7378
12 10.7482
12 10.759
12 10.7701
12 10.7815
12 10.7929
12 10.8045
12 10.8161
12 10.8276
12 10.839
12 10.8503
12 10.8613
12 10.872
12 10.8824
12 10.8924
12 10.9019
12 10.911
12 10.9194
12 10.9274
12 10.9347
12 10.9414
12 10.9474
12 10.9527
12 10.9573
12 10.9612
12 10.9643
12 10.9666
12 10.9682
12 10.969
12 10.969
12 10.9683
12 10.9667
12 10.9644
12 10.9613
12 10.9575
12 10.9529
12 10.9476
12 10.9416
12 10.9349
12 10.9275
12 10.9195
12 10.9108
12 10.9016
12 10.8917
12 10.8814
12 10.8705
12 10.8591
12 10.8473
12 10.835
12 10.8223
12 10.8093
12 10.796
12 10.7823
12 10.7684
12 10.7543
12 10.7399
12 10.7255
12 10.7108
12 10.6961
12 10.6813
12 10.6666
12 10.6517
12 10.637
12 10.6223
12 10.6078
12 10.5933
12 10.579
12 10.5649
12 10.5511
12 10.5375
12 10.5242
12 10.5111
12 10.4985
12 10.4861
12 10.4742
12 10.4626
12 10.4515
12 10.4408
12 10.4306
12 10.4208
12 10.4115
12 10.4027
12 10.3945
12 10.3867
12 10.3796
12 10.3729
12 10.3668
12 10.3612
12 10.3562
12 10.3517
12 10.3478
12 10.3444
12 10.3416
12 10.3393
12 10.3375
12 10.3362
12 10.3355
12 10.3352
12 10.3354
12 10.3361
12 10.3372
12 10.3387
12 10.3407
12 10.343
12 10.3457
12 10.3487
12 10.3521
12 10.3557
12 10.3596
12 10.3638
12 10.3682
12 10.3728
12 10.3776
12 10.3824
12 10.3875
12 10.3926
12 10.3978
12 10.403
12 10.4083
12 10.4135
12 10.4187
12 10.4239
12 10.429
12 10.434
12 10.4389
12 10.4436
12 10.4483
12 10.4527
12 10.457
12 10.4611
12 10.4649
12 10.4686
12 10.472
12 10.4752
12 10.4782
12 10.481
12 10.4835
12 10.4857
12 10.4878
12 10.4896
12 10.4912
12 10.4925
12 10.4937
12 10.4947
12 10.4956
12 10.4962
12 10.4968
12 10.4972
12 10.4976
12 10.498
12 10.4983
12 10.4986
12 10.499
12 10.4995
12 10.5001
12 10.5009
12 10.502
12 10.5032
12 10.5049
12 10.5068
12 10.5092
12 10.5121
12 10.5155
12 10.5195
12 10.5241
12 10.5295
12 10.5356
12 10.5424
12 10.5502
12 10.5589
12 10.5686
12 10.5793
12 10.5911
12 10.6041
12 10.6182
12 10.6336
12 10.6503
12 10.6683
12 10.6876
12 10.7084
12 10.7305
12 10.7541
12 10.7792
12 10.8057
12 10.8338
12 10.8633
12 10.8942
12 10.9267
12 10.9606
12 10.9959
12 11.0326
12 11.0707
12 11.11
12 11.1507
12 11.1925
12 11.2355
12 11.2795
12 11.3245
12 11.3705
12 11.4172
12 11.4647
12 11.5128
12 11.5614
12 11.6104
12 11.6597
12 11.7092
12 11.7588
12 11.8083
12 11.8576
12 11.9066
12 11.9552
12 12.0032
12 12.0506
12 12.0971
12 12.1427
12 12.1873
12 12.2308
12 12.2729
12 12.3137
12 12.353
12 12.3907
12 12.4268
12 12.4611
12 12.4935
12 12.524
12 12.5524
12 12.5788
12 12.6031
12 12.6252
12 12.645
12 12.6626
12 12.6779
12 12.6908
12 12.7014
12 12.7096
12 12.7155
12 12.719
12 12.7201
12 12.7189
12 12.7153
12 12.7095
12 12.7013
12 12.6909
12 12.6784
12 12.6636
12 12.6468
12 12.6279
12 12.6071
12 12.5843
12 12.5596
12 12.5332
12 12.505
12 12.4752
12 12.4439
12 12.411
12 12.3768
12 12.3412
12 12.3044
12 12.2664
12 12.2274
12 12.1874
12 12.1465
12 12.1049
12 12.0625
12 12.0195
12 11.976
12 11.932
12 11.8877
12 11.8431
12 11.7983
12 11.7534
12 11.7086
12 11.6638
12 11.6191
12 11.5747
12 11.5305
12 11.4868
12 11.4435
12 11.4007
12 11.3585
12 11.3169
12 11.2761
12 11.236
12 11.1967
12 11.1584
12 11.1209
12 11.0845
12 11.049
12 11.0146
12 10.9813
12 10.9491
12 10.9181
12 10.8883
12 10.8596
