14.4 24.8824
14.4 25.4442
14.4 25.6121
14.4 26.0779
14.4 26.1844
14.4 26.3486
14.4 26.3329
14.4 26.3241
14.4 26.2156
14.4 26.0964
14.4 25.9163
14.4 25.7234
14.4 25.489
14.4 25.2436
14.4 24.9694
14.4 24.6867
14.4 24.3836
14.4 24.0746
14.4 23.7515
14.4 23.4249
14.4 23.089
14.4 22.7516
14.4 22.4085
14.4 22.0658
14.4 21.7201
14.4 21.3763
14.4 21.0318
14.4 20.6904
14.4 20.35
14.4 20.0136
14.4 19.6797
14.4 19.3505
14.4 19.0249
14.4 18.7046
14.4 18.3886
14.4 18.0785
14.4 17.7732
14.4 17.4741
14.4 17.1804
14.4 16.893
14.4 16.6113
14.4 16.3361
14.4 16.0667
14.4 15.8038
14.4 15.547
14.4 15.2966
14.4 15.0522
14.4 14.8143
14.4 14.5823
14.4 14.3567
14.4 14.137
14.4 13.9234
14.4 13.7157
14.4 13.514
14.4 13.318
14.4 13.1278
14.4 12.9432
14.4 12.7643
14.4 12.5909
14.4 12.4232
14.4 12.2609
14.4 12.1041
14.4 11.9529
14.4 11.8072
14.4 11.6671
14.4 11.5327
14.4 11.4039
14.4 11.2809
14.4 11.1638
14.4 11.0526
14.4 10.9474
14.4 10.8482
14.4 10.7553
14.4 10.6686
14.4 10.5881
14.4 10.5139
14.4 10.446
14.4 10.3844
14.4 10.3291
14.4 10.2799
14.4 10.2368
14.4 10.1997
14.4 10.1685
14.4 10.1428
14.4 10.1228
14.4 10.1079
14.4 10.0981
14.4 10.093
14.4 10.0924
14.4 10.096
14.4 10.1035
14.4 10.1146
14.4 10.129
14.4 10.1462
14.4 10.1661
14.4 10.1882
14.4 10.2122
14.4 10.2379
14.4 10.2649
14.4 10.2928
14.4 10.3215
14.4 10.3504
14.4 10.3796
14.4 10.4086
14.4 10.4373
14.4 10.4653
14.4 10.4925
14.4 10.5186
14.4 10.5436
14.4 10.5671
14.4 10.5892
14.4 10.6096
14.4 10.6282
14.4 10.6449
14.4 10.6597
14.4 10.6724
14.4 10.6831
14.4 10.6916
14.4 10.698
14.4 10.7022
14.4 10.7042
14.4 10.704
14.4 10.7018
14.4 10.6973
14.4 10.6908
14.4 10.6822
14.4 10.6716
14.4 10.6591
14.4 10.6446
14.4 10.6284
14.4 10.6104
14.4 10.5906
14.4 10.5693
14.4 10.5465
14.4 10.5222
14.4 10.4965
14.4 10.4696
14.4 10.4414
14.4 10.4122
14.4 10.3819
14.4 10.3507
14.4 10.3185
14.4 10.2857
14.4 10.252
14.4 10.2178
14.4 10.183
14.4 10.1478
14.4 10.1121
14.4 10.0762
14.4 10.04
14.4 10.0036
14.4 9.96704
14.4 9.9305
14.4 9.89393
14.4 9.85749
14.4 9.82114
14.4 9.78504
14.4 9.74916
14.4 9.71364
14.4 9.67844
14.4 9.64373
14.4 9.60944
14.4 9.57575
14.4 9.54258
14.4 9.51011
14.4 9.47826
14.4 9.4472
14.4 9.41687
14.4 9.3874
14.4 9.35876
14.4 9.33106
14.4 9.30427
14.4 9.2785
14.4 9.2537
14.4 9.23001
14.4 9.20735
14.4 9.18585
14.4 9.16544
14.4 9.14624
14.4 9.12818
14.4 9.11136
14.4 9.09571
14.4 9.08133
14.4 9.06813
14.4 9.05622
14.4 9.04549
14.4 9.03604
14.4 9.02777
14.4 9.02075
14.4 9.01489
14.4 9.01025
14.4 9.00672
14.4 9.00436
14.4 9.00305
14.4 9.00285
14.4 9.00364
14.4 9.00545
14.4 9.00817
14.4 9.01183
14.4 9.01629
14.4 9.02159
14.4 9.0276
14.4 9.03433
14.4 9.04166
14.4 9.0496
14.4 9.05802
14.4 9.06694
14.4 9.07621
14.4 9.08586
14.4 9.09574
14.4 9.10588
14.4 9.11614
14.4 9.12653
14.4 9.13692
14.4 9.14733
14.4 9.15764
14.4 9.16785
14.4 9.17785
14.4 9.18767
14.4 9.19717
14.4 9.20639
14.4 9.21522
14.4 9.22368
14.4 9.23167
14.4 9.23923
14.4 9.24625
14.4 9.25276
14.4 9.25869
14.4 9.26407
14.4 9.26882
14.4 9.27298
14.4 9.27648
14.4 9.27936
14.4 9.28156
14.4 9.28312
14.4 9.28399
14.4 9.28423
14.4 9.28376
14.4 9.28267
14.4 9.28088
14.4 9.27848
14.4 9.27541
14.4 9.27173
14.4 9.26741
14.4 9.26252
14.4 9.25702
14.4 9.25097
14.4 9.24436
14.4 9.23724
14.4 9.22959
14.4 9.22148
14.4 9.21289
14.4 9.20389
14.4 9.19446
14.4 9.18468
14.4 9.17451
14.4 9.16404
14.4 9.15325
14.4 9.14221
14.4 9.1309
14.4 9.1194
14.4 9.1077
14.4 9.09586
14.4 9.08387
14.4 9.07181
14.4 9.05965
14.4 9.04748
14.4 9.03527
14.4 9.0231
14.4 9.01096
14.4 8.9989
14.4 8.98692
14.4 8.97509
14.4 8.96339
14.4 8.95188
14.4 8.94056
14.4 8.92947
14.4 8.91862
14.4 8.90805
14.4 8.89775
14.4 8.88778
14.4 8.87812
14.4 8.86882
14.4 8.85987
14.4 8.85132
14.4 8.84314
14.4 8.83539
14.4 8.82804
14.4 8.82114
14.4 8.81466
14.4 8.80864
14.4 8.80306
14.4 8.79796
14.4 8.7933
14.4 8.78913
14.4 8.7854
14.4 8.78215
14.4 8.77935
14.4 8.77703
14.4 8.77515
14.4 8.77373
14.4 8.77274
14.4 8.77219
14.4 8.77205
14.4 8.77234
14.4 8.77301
14.4 8.77408
14.4 8.77551
14.4 8.77731
14.4 8.77942
14.4 8.78188
14.4 8.78462
14.4 8.78766
14.4 8.79094
14.4 8.79449
14.4 8.79824
14.4 8.80221
14.4 8.80634
14.4 8.81065
14.4 8.81507
14.4 8.81963
14.4 8.82426
14.4 8.82899
14.4 8.83374
14.4 8.83854
14.4 8.84334
14.4 8.84814
14.4 8.85289
14.4 8.8576
14.4 8.86224
14.4 8.8668
14.4 8.87124
14.4 8.87559
14.4 8.87978
14.4 8.88384
14.4 8.88773
14.4 8.89147
14.4 8.89501
14.4 8.89838
14.4 8.90154
14.4 8.90451
14.4 8.90727
14.4 8.90984
14.4 8.91218
14.4 8.91433
14.4 8.91627
14.4 8.91802
14.4 8.91957
14.4 8.92095
14.4 8.92214
14.4 8.92318
14.4 8.92407
14.4 8.92483
14.4 8.92548
14.4 8.92604
14.4 8.92652
14.4 8.92697
14.4 8.92739
14.4 8.92783
14.4 8.9283
14.4 8.92885
14.4 8.9295
14.4 8.9303
14.4 8.93127
14.4 8.93247
14.4 8.93393
14.4 8.9357
14.4 8.9378
14.4 8.94032
14.4 8.94326
14.4 8.94669
14.4 8.95066
14.4 8.95521
14.4 8.96039
14.4 8.96625
14.4 8.97284
14.4 8.98022
14.4 8.9884
14.4 8.99747
14.4 9.00745
14.4 9.0184
14.4 9.03034
14.4 9.04333
14.4 9.05739
14.4 9.07257
14.4 9.08889
14.4 9.1064
14.4 9.12509
14.4 9.145
14.4 9.16615
14.4 9.18855
14.4 9.21219
14.4 9.2371
14.4 9.26324
14.4 9.29064
14.4 9.31927
14.4 9.3491
14.4 9.38012
14.4 9.41229
14.4 9.44557
14.4 9.47993
14.4 9.51531
14.4 9.55166
14.4 9.58892
14.4 9.62703
14.4 9.6659
14.4 9.70548
14.4 9.74567
14.4 9.7864
14.4 9.82758
14.4 9.86911
14.4 9.91089
14.4 9.95284
14.4 9.99485
14.4 10.0368
14.4 10.0786
14.4 10.1202
14.4 10.1614
14.4 10.2022
14.4 10.2424
14.4 10.2819
14.4 10.3206
14.4 10.3585
14.4 10.3954
14.4 10.4312
14.4 10.4659
14.4 10.4993
14.4 10.5314
14.4 10.5621
14.4 10.5912
14.4 10.6189
14.4 10.6449
14.4 10.6692
14.4 10.6918
14.4 10.7125
14.4 10.7315
14.4 10.7485
14.4 10.7637
14.4 10.7769
14.4 10.7882
14.4 10.7975
14.4 10.8048
14.4 10.8102
14.4 10.8135
14.4 10.8149
14.4 10.8143
14.4 10.8118
14.4 10.8073
14.4 10.801
14.4 10.7927
14.4 10.7827
14.4 10.7708
14.4 10.7573
14.4 10.742
14.4 10.725
14.4 10.7065
14.4 10.6864
14.4 10.6648
14.4 10.6418
14.4 10.6174
14.4 10.5918
14.4 10.5649
14.4 10.5368
14.4 10.5077
14.4 10.4776
14.4 10.4464
14.4 10.4145
14.4 10.3817
14.4 10.3482
14.4 10.314
14.4 10.2793
14.4 10.244
14.4 10.2083
14.4 10.1723
14.4 10.136
14.4 10.0994
14.4 10.0627
14.4 10.0259
14.4 9.98917
14.4 9.95244
14.4 9.91585
14.4 9.87944
14.4 9.84329
14.4 9.80744
14.4 9.77198
14.4 9.73693
14.4 9.70237
14.4 9.66834
14.4 9.63491
14.4 9.6021
14.4 9.56997
14.4 9.53857
14.4 9.50793
14.4 9.47809
14.4 9.44908
14.4 9.42094
14.4 9.39371
14.4 9.36739
14.4 9.34202
14.4 9.31762
