16.8 21.3322
16.8 21.8147
16.8 21.9603
16.8 22.3593
16.8 22.4515
16.8 22.5918
16.8 22.579
16.8 22.5714
16.8 22.479
16.8 22.3769
16.8 22.223
16.8 22.0579
16.8 21.8575
16.8 21.6476
16.8 21.4133
16.8 21.1714
16.8 20.9124
16.8 20.6482
16.8 20.3722
16.8 20.0931
16.8 19.8062
16.8 19.518
16.8 19.2251
16.8 18.9325
16.8 18.6375
16.8 18.344
16.8 18.0501
16.8 17.7588
16.8 17.4685
16.8 17.1816
16.8 16.8969
16.8 16.6163
16.8 16.3386
16.8 16.0656
16.8 15.7963
16.8 15.532
16.8 15.2719
16.8 15.017
16.8 14.7668
16.8 14.5219
16.8 14.2819
16.8 14.0473
16.8 13.8178
16.8 13.5939
16.8 13.375
16.8 13.1616
16.8 12.9534
16.8 12.7506
16.8 12.5529
16.8 12.3606
16.8 12.1733
16.8 11.9912
16.8 11.8141
16.8 11.642
16.8 11.4749
16.8 11.3126
16.8 11.1551
16.8 11.0025
16.8 10.8545
16.8 10.7112
16.8 10.5726
16.8 10.4387
16.8 10.3095
16.8 10.1849
16.8 10.065
16.8 9.94993
16.8 9.83966
16.8 9.73423
16.8 9.63376
16.8 9.53826
16.8 9.44787
16.8 9.36258
16.8 9.28253
16.8 9.20771
16.8 9.13823
16.8 9.07404
16.8 9.01526
16.8 8.96177
16.8 8.91366
16.8 8.87078
16.8 8.83317
16.8 8.80064
16.8 8.77319
16.8 8.75058
16.8 8.73276
16.8 8.71945
16.8 8.71057
16.8 8.70579
16.8 8.705
16.8 8.70785
16.8 8.71419
16.8 8.72365
16.8 8.73607
16.8 8.75105
16.8 8.76844
16.8 8.78784
16.8 8.80907
16.8 8.83174
16.8 8.8557
16.8 8.88055
16.8 8.90616
16.8 8.93216
16.8 8.95841
16.8 8.98457
16.8 9.01054
16.8 9.03599
16.8 9.06085
16.8 9.08483
16.8 9.10786
16.8 9.12969
16.8 9.1503
16.8 9.16944
16.8 9.18713
16.8 9.20315
16.8 9.21754
16.8 9.23012
16.8 9.24095
16.8 9.24986
16.8 9.25695
16.8 9.26208
16.8 9.26536
16.8 9.26667
16.8 9.26613
16.8 9.26366
16.8 9.25939
16.8 9.25324
16.8 9.24536
16.8 9.2357
16.8 9.2244
16.8 9.21142
16.8 9.19693
16.8 9.18088
16.8 9.16344
16.8 9.14458
16.8 9.12447
16.8 9.10308
16.8 9.08059
16.8 9.05697
16.8 9.03239
16.8 9.00684
16.8 8.98047
16.8 8.95327
16.8 8.92541
16.8 8.89685
16.8 8.86778
16.8 8.83816
16.8 8.80815
16.8 8.77773
16.8 8.74705
16.8 8.7161
16.8 8.68501
16.8 8.65376
16.8 8.6225
16.8 8.59119
16.8 8.55999
16.8 8.52885
16.8 8.49792
16.8 8.46717
16.8 8.43672
16.8 8.40655
16.8 8.37678
16.8 8.34738
16.8 8.31848
16.8 8.29004
16.8 8.26218
16.8 8.23486
16.8 8.20822
16.8 8.1822
16.8 8.15693
16.8 8.13236
16.8 8.1086
16.8 8.08562
16.8 8.06353
16.8 8.04227
16.8 8.02195
16.8 8.00253
16.8 7.9841
16.8 7.96661
16.8 7.95016
16.8 7.9347
16.8 7.9203
16.8 7.90691
16.8 7.89462
16.8 7.88335
16.8 7.87319
16.8 7.86405
16.8 7.85602
16.8 7.84902
16.8 7.8431
16.8 7.83818
16.8 7.83433
16.8 7.83144
16.8 7.82957
16.8 7.82863
16.8 7.82866
16.8 7.82955
16.8 7.83135
16.8 7.83394
16.8 7.83736
16.8 7.8415
16.8 7.84639
16.8 7.8519
16.8 7.85807
16.8 7.86478
16.8 7.87204
16.8 7.87974
16.8 7.8879
16.8 7.89639
16.8 7.90523
16.8 7.9143
16.8 7.92362
16.8 7.93307
16.8 7.94266
16.8 7.95228
16.8 7.96193
16.8 7.97153
16.8 7.98106
16.8 7.99044
16.8 7.99966
16.8 8.00865
16.8 8.01741
16.8 8.02584
16.8 8.03397
16.8 8.04171
16.8 8.04908
16.8 8.056
16.8 8.06249
16.8 8.06848
16.8 8.07399
16.8 8.07897
16.8 8.08343
16.8 8.08732
16.8 8.09068
16.8 8.09344
16.8 8.09564
16.8 8.09724
16.8 8.09827
16.8 8.09869
16.8 8.09855
16.8 8.0978
16.8 8.09649
16.8 8.0946
16.8 8.09216
16.8 8.08915
16.8 8.08562
16.8 8.08154
16.8 8.07697
16.8 8.07189
16.8 8.06635
16.8 8.06033
16.8 8.05388
16.8 8.047
16.8 8.03974
16.8 8.03209
16.8 8.02409
16.8 8.01575
16.8 8.00713
16.8 7.9982
16.8 7.98903
16.8 7.97961
16.8 7.97
16.8 7.96019
16.8 7.95024
16.8 7.94014
16.8 7.92996
16.8 7.91968
16.8 7.90936
16.8 7.89899
16.8 7.88864
16.8 7.87829
16.8 7.868
16.8 7.85777
16.8 7.84764
16.8 7.83761
16.8 7.82774
16.8 7.81801
16.8 7.80847
16.8 7.79912
16.8 7.79001
16.8 7.78113
16.8 7.77251
16.8 7.76416
16.8 7.75612
16.8 7.74836
16.8 7.74095
16.8 7.73386
16.8 7.72712
16.8 7.72074
16.8 7.71474
16.8 7.7091
16.8 7.70386
16.8 7.699
16.8 7.69455
16.8 7.6905
16.8 7.68686
16.8 7.68361
16.8 7.68078
16.8 7.67835
16.8 7.67633
16.8 7.67471
16.8 7.67349
16.8 7.67264
16.8 7.6722
16.8 7.67212
16.8 7.67241
16.8 7.67305
16.8 7.67405
16.8 7.67537
16.8 7.67702
16.8 7.67896
16.8 7.6812
16.8 7.68371
16.8 7.68649
16.8 7.68951
16.8 7.69275
16.8 7.6962
16.8 7.69984
16.8 7.70365
16.8 7.70762
16.8 7.71171
16.8 7.71592
16.8 7.72022
16.8 7.72461
16.8 7.72904
16.8 7.73352
16.8 7.73802
16.8 7.74252
16.8 7.747
16.8 7.75146
16.8 7.75586
16.8 7.7602
16.8 7.76446
16.8 7.76863
16.8 7.77268
16.8 7.77662
16.8 7.78042
16.8 7.78409
16.8 7.7876
16.8 7.79095
16.8 7.79412
16.8 7.79713
16.8 7.79995
16.8 7.8026
16.8 7.80505
16.8 7.80732
16.8 7.8094
16.8 7.81131
16.8 7.81303
16.8 7.81458
16.8 7.81596
16.8 7.81719
16.8 7.81826
16.8 7.81921
16.8 7.82002
16.8 7.82074
16.8 7.82136
16.8 7.82192
16.8 7.82242
16.8 7.8229
16.8 7.82338
16.8 7.82388
16.8 7.82443
16.8 7.82507
16.8 7.82581
16.8 7.82671
16.8 7.82777
16.8 7.82906
16.8 7.83059
16.8 7.83242
16.8 7.83456
16.8 7.83708
16.8 7.84001
16.8 7.84339
16.8 7.84725
16.8 7.85166
16.8 7.85664
16.8 7.86224
16.8 7.8685
16.8 7.87546
16.8 7.88317
16.8 7.89166
16.8 7.90097
16.8 7.91114
16.8 7.92221
16.8 7.9342
16.8 7.94715
16.8 7.9611
16.8 7.97604
16.8 7.99203
16.8 8.00907
16.8 8.02718
16.8 8.04637
16.8 8.06666
16.8 8.08802
16.8 8.11049
16.8 8.13403
16.8 8.15866
16.8 8.18433
16.8 8.21105
16.8 8.23878
16.8 8.26749
16.8 8.29715
16.8 8.32771
16.8 8.35913
16.8 8.39136
16.8 8.42434
16.8 8.45802
16.8 8.49232
16.8 8.52719
16.8 8.56254
16.8 8.5983
16.8 8.63439
16.8 8.67074
16.8 8.70725
16.8 8.74384
16.8 8.78042
16.8 8.8169
16.8 8.85318
16.8 8.88918
16.8 8.92481
16.8 8.95997
16.8 8.99457
16.8 9.02853
16.8 9.06175
16.8 9.09415
16.8 9.12564
16.8 9.15616
16.8 9.18561
16.8 9.21393
16.8 9.24104
16.8 9.26688
16.8 9.29139
16.8 9.3145
16.8 9.33617
16.8 9.35635
16.8 9.37498
16.8 9.39205
16.8 9.4075
16.8 9.42132
16.8 9.43347
16.8 9.44395
16.8 9.45274
16.8 9.45982
16.8 9.4652
16.8 9.46888
16.8 9.47086
16.8 9.47116
16.8 9.46977
16.8 9.46674
16.8 9.46208
16.8 9.45581
16.8 9.44797
16.8 9.43859
16.8 9.42771
16.8 9.41536
16.8 9.4016
16.8 9.38646
16.8 9.36999
16.8 9.35225
16.8 9.33328
16.8 9.31314
16.8 9.29189
16.8 9.26958
16.8 9.24627
16.8 9.22202
16.8 9.1969
16.8 9.17095
16.8 9.14425
16.8 9.11686
16.8 9.08884
16.8 9.06025
16.8 9.03115
16.8 9.00162
16.8 8.9717
16.8 8.94147
16.8 8.91097
16.8 8.88029
16.8 8.84946
16.8 8.81856
16.8 8.78764
16.8 8.75676
16.8 8.72597
16.8 8.69533
16.8 8.66489
16.8 8.63471
16.8 8.60483
16.8 8.57529
16.8 8.54616
16.8 8.51747
16.8 8.48926
16.8 8.46157
16.8 8.43445
16.8 8.40793
16.8 8.38205
16.8 8.35683
16.8 8.3323
16.8 8.30851
16.8 8.28545
16.8 8.26318
16.8 8.24169
