19.2 18.6702
19.2 19.0933
19.2 19.2225
19.2 19.5713
19.2 19.6528
19.2 19.7753
19.2 19.7647
19.2 19.758
19.2 19.6776
19.2 19.5884
19.2 19.4543
19.2 19.3101
19.2 19.1353
19.2 18.952
19.2 18.7476
19.2 18.5365
19.2 18.3107
19.2 18.0802
19.2 17.8396
19.2 17.5962
19.2 17.3462
19.2 17.0951
19.2 16.8399
19.2 16.585
19.2 16.3281
19.2 16.0727
19.2 15.8169
19.2 15.5633
19.2 15.3108
19.2 15.0612
19.2 14.8136
19.2 14.5695
19.2 14.3281
19.2 14.0908
19.2 13.8567
19.2 13.6269
19.2 13.4008
19.2 13.1793
19.2 12.9618
19.2 12.749
19.2 12.5405
19.2 12.3366
19.2 12.1372
19.2 11.9426
19.2 11.7524
19.2 11.5669
19.2 11.386
19.2 11.2097
19.2 11.0379
19.2 10.8706
19.2 10.7078
19.2 10.5494
19.2 10.3954
19.2 10.2457
19.2 10.1003
19.2 9.95907
19.2 9.82202
19.2 9.68909
19.2 9.56024
19.2 9.43544
19.2 9.31468
19.2 9.19793
19.2 9.08522
19.2 8.97652
19.2 8.8719
19.2 8.77134
19.2 8.67494
19.2 8.5827
19.2 8.49472
19.2 8.41101
19.2 8.33169
19.2 8.25675
19.2 8.18634
19.2 8.12041
19.2 8.05911
19.2 8.00237
19.2 7.95031
19.2 7.90284
19.2 7.86005
19.2 7.82182
19.2 7.78819
19.2 7.75901
19.2 7.73429
19.2 7.71384
19.2 7.69762
19.2 7.6854
19.2 7.67712
19.2 7.6725
19.2 7.67146
19.2 7.6737
19.2 7.6791
19.2 7.68733
19.2 7.69827
19.2 7.71156
19.2 7.72708
19.2 7.74448
19.2 7.7636
19.2 7.7841
19.2 7.80584
19.2 7.82848
19.2 7.85189
19.2 7.87573
19.2 7.8999
19.2 7.92407
19.2 7.94816
19.2 7.97187
19.2 7.99512
19.2 8.01765
19.2 8.03941
19.2 8.06015
19.2 8.07984
19.2 8.09828
19.2 8.11545
19.2 8.13117
19.2 8.14545
19.2 8.15814
19.2 8.16926
19.2 8.1787
19.2 8.1865
19.2 8.19256
19.2 8.19694
19.2 8.19956
19.2 8.2005
19.2 8.19971
19.2 8.19727
19.2 8.19314
19.2 8.18743
19.2 8.1801
19.2 8.17127
19.2 8.16091
19.2 8.14916
19.2 8.13599
19.2 8.12154
19.2 8.10579
19.2 8.08889
19.2 8.07081
19.2 8.05171
19.2 8.03157
19.2 8.01054
19.2 7.98861
19.2 7.96592
19.2 7.94247
19.2 7.91838
19.2 7.89367
19.2 7.86845
19.2 7.84273
19.2 7.81663
19.2 7.79015
19.2 7.76342
19.2 7.73642
19.2 7.70928
19.2 7.68199
19.2 7.65466
19.2 7.62728
19.2 7.59998
19.2 7.57272
19.2 7.54563
19.2 7.51869
19.2 7.49201
19.2 7.46557
19.2 7.43947
19.2 7.41369
19.2 7.38834
19.2 7.36339
19.2 7.33895
19.2 7.31499
19.2 7.2916
19.2 7.26877
19.2 7.24659
19.2 7.22503
19.2 7.20417
19.2 7.18401
19.2 7.16461
19.2 7.14595
19.2 7.12811
19.2 7.11106
19.2 7.09488
19.2 7.07954
19.2 7.0651
19.2 7.05153
19.2 7.0389
19.2 7.02716
19.2 7.01638
19.2 7.00651
19.2 6.99761
19.2 6.98962
19.2 6.98261
19.2 6.97651
19.2 6.97136
19.2 6.96712
19.2 6.96381
19.2 6.96137
19.2 6.95984
19.2 6.95914
19.2 6.9593
19.2 6.96024
19.2 6.96199
19.2 6.96447
19.2 6.96769
19.2 6.97158
19.2 6.97613
19.2 6.98127
19.2 6.98701
19.2 6.99325
19.2 7
19.2 7.00717
19.2 7.01475
19.2 7.02267
19.2 7.03092
19.2 7.03941
19.2 7.04813
19.2 7.05701
19.2 7.06602
19.2 7.0751
19.2 7.08423
19.2 7.09333
19.2 7.1024
19.2 7.11136
19.2 7.12021
19.2 7.12886
19.2 7.13733
19.2 7.14553
19.2 7.15348
19.2 7.1611
19.2 7.16841
19.2 7.17533
19.2 7.18187
19.2 7.18799
19.2 7.19369
19.2 7.19891
19.2 7.20368
19.2 7.20795
19.2 7.21174
19.2 7.21501
19.2 7.21777
19.2 7.21999
19.2 7.2217
19.2 7.22287
19.2 7.22352
19.2 7.22362
19.2 7.22322
19.2 7.22228
19.2 7.22083
19.2 7.21887
19.2 7.21643
19.2 7.21349
19.2 7.21008
19.2 7.20621
19.2 7.2019
19.2 7.19715
19.2 7.192
19.2 7.18644
19.2 7.18052
19.2 7.17423
19.2 7.16762
19.2 7.16068
19.2 7.15345
19.2 7.14594
19.2 7.13819
19.2 7.1302
19.2 7.12201
19.2 7.11363
19.2 7.10509
19.2 7.09641
19.2 7.08763
19.2 7.07874
19.2 7.06979
19.2 7.06079
19.2 7.05178
19.2 7.04275
19.2 7.03376
19.2 7.0248
19.2 7.01591
19.2 7.0071
19.2 6.99841
19.2 6.98983
19.2 6.98141
19.2 6.97315
19.2 6.96508
19.2 6.9572
19.2 6.94955
19.2 6.94212
19.2 6.93495
19.2 6.92804
19.2 6.92142
19.2 6.91507
19.2 6.90904
19.2 6.90332
19.2 6.89792
19.2 6.89285
19.2 6.88813
19.2 6.88374
19.2 6.87972
19.2 6.87605
19.2 6.87274
19.2 6.86979
19.2 6.86721
19.2 6.86499
19.2 6.86314
19.2 6.86164
19.2 6.86051
19.2 6.85972
19.2 6.85929
19.2 6.85919
19.2 6.85943
19.2 6.86
19.2 6.86089
19.2 6.86207
19.2 6.86356
19.2 6.86533
19.2 6.86737
19.2 6.86967
19.2 6.87222
19.2 6.87499
19.2 6.87798
19.2 6.88116
19.2 6.88454
19.2 6.88807
19.2 6.89176
19.2 6.89558
19.2 6.89952
19.2 6.90356
19.2 6.90768
19.2 6.91186
19.2 6.9161
19.2 6.92037
19.2 6.92465
19.2 6.92893
19.2 6.9332
19.2 6.93744
19.2 6.94163
19.2 6.94575
19.2 6.94981
19.2 6.95378
19.2 6.95765
19.2 6.9614
19.2 6.96504
19.2 6.96854
19.2 6.97191
19.2 6.97513
19.2 6.97819
19.2 6.98109
19.2 6.98383
19.2 6.98639
19.2 6.98879
19.2 6.99102
19.2 6.99308
19.2 6.99496
19.2 6.99668
19.2 6.99823
19.2 6.99964
19.2 7.00088
19.2 7.002
19.2 7.00297
19.2 7.00384
19.2 7.00459
19.2 7.00526
19.2 7.00585
19.2 7.00639
19.2 7.00689
19.2 7.00737
19.2 7.00786
19.2 7.00839
19.2 7.00896
19.2 7.00963
19.2 7.0104
19.2 7.01131
19.2 7.0124
19.2 7.01369
19.2 7.01522
19.2 7.01702
19.2 7.01912
19.2 7.02157
19.2 7.0244
19.2 7.02764
19.2 7.03134
19.2 7.03553
19.2 7.04025
19.2 7.04553
19.2 7.05142
19.2 7.05795
19.2 7.06515
19.2 7.07307
19.2 7.08172
19.2 7.09116
19.2 7.1014
19.2 7.11249
19.2 7.12443
19.2 7.13726
19.2 7.15099
19.2 7.16566
19.2 7.18126
19.2 7.19783
19.2 7.21535
19.2 7.23384
19.2 7.2533
19.2 7.27373
19.2 7.29512
19.2 7.31746
19.2 7.34072
19.2 7.3649
19.2 7.38996
19.2 7.41589
19.2 7.44263
19.2 7.47016
19.2 7.49844
19.2 7.5274
19.2 7.55701
19.2 7.58722
19.2 7.61794
19.2 7.64914
19.2 7.68074
19.2 7.71267
19.2 7.74485
19.2 7.77723
19.2 7.80971
19.2 7.84222
19.2 7.87468
19.2 7.90702
19.2 7.93914
19.2 7.97098
19.2 8.00243
19.2 8.03344
19.2 8.06392
19.2 8.09378
19.2 8.12295
19.2 8.15137
19.2 8.17894
19.2 8.20562
19.2 8.23132
19.2 8.25599
19.2 8.27956
19.2 8.30198
19.2 8.32321
19.2 8.34318
19.2 8.36185
19.2 8.3792
19.2 8.39517
19.2 8.40974
19.2 8.42289
19.2 8.43459
19.2 8.44482
19.2 8.45357
19.2 8.46084
19.2 8.46661
19.2 8.47089
19.2 8.47369
19.2 8.47501
19.2 8.47485
19.2 8.47325
19.2 8.47022
19.2 8.46577
19.2 8.45994
19.2 8.45276
19.2 8.44425
19.2 8.43445
19.2 8.4234
19.2 8.41114
19.2 8.39771
19.2 8.38314
19.2 8.3675
19.2 8.35081
19.2 8.33314
19.2 8.31453
19.2 8.29503
19.2 8.2747
19.2 8.25358
19.2 8.23173
19.2 8.2092
19.2 8.18605
19.2 8.16233
19.2 8.13809
19.2 8.11339
19.2 8.08829
19.2 8.06283
19.2 8.03708
19.2 8.01108
19.2 7.98488
19.2 7.95855
19.2 7.93213
19.2 7.90567
19.2 7.87921
19.2 7.85282
19.2 7.82653
19.2 7.80039
19.2 7.77445
19.2 7.74875
19.2 7.72334
19.2 7.69824
19.2 7.6735
19.2 7.64917
19.2 7.62526
19.2 7.60183
19.2 7.57889
19.2 7.55649
19.2 7.53464
19.2 7.51337
19.2 7.49272
19.2 7.47269
19.2 7.45331
