21.6 16.6002
21.6 16.9772
21.6 17.0939
21.6 17.4036
21.6 17.4769
21.6 17.5855
21.6 17.5767
21.6 17.5707
21.6 17.4997
21.6 17.4206
21.6 17.3019
21.6 17.174
21.6 17.0192
21.6 16.8567
21.6 16.6756
21.6 16.4885
21.6 16.2886
21.6 16.0844
21.6 15.8714
21.6 15.656
21.6 15.4347
21.6 15.2125
21.6 14.9869
21.6 14.7614
21.6 14.5344
21.6 14.3086
21.6 14.0826
21.6 13.8586
21.6 13.6355
21.6 13.4151
21.6 13.1965
21.6 12.981
21.6 12.7681
21.6 12.5586
21.6 12.352
21.6 12.1493
21.6 11.9499
21.6 11.7545
21.6 11.5627
21.6 11.3749
21.6 11.191
21.6 11.0112
21.6 10.8354
21.6 10.6637
21.6 10.4959
21.6 10.3323
21.6 10.1727
21.6 10.0172
21.6 9.86556
21.6 9.71797
21.6 9.57427
21.6 9.43448
21.6 9.29851
21.6 9.16634
21.6 9.0379
21.6 8.91316
21.6 8.79208
21.6 8.67459
21.6 8.56069
21.6 8.45032
21.6 8.34349
21.6 8.24016
21.6 8.14036
21.6 8.04405
21.6 7.95131
21.6 7.86209
21.6 7.77651
21.6 7.69453
21.6 7.61627
21.6 7.54172
21.6 7.471
21.6 7.40409
21.6 7.34113
21.6 7.28208
21.6 7.22708
21.6 7.17608
21.6 7.12918
21.6 7.08632
21.6 7.04759
21.6 7.01289
21.6 6.98227
21.6 6.9556
21.6 6.93292
21.6 6.91405
21.6 6.89898
21.6 6.88752
21.6 6.87963
21.6 6.87506
21.6 6.87376
21.6 6.87546
21.6 6.88007
21.6 6.8873
21.6 6.89705
21.6 6.90901
21.6 6.92307
21.6 6.93891
21.6 6.9564
21.6 6.97524
21.6 6.9953
21.6 7.01626
21.6 7.03802
21.6 7.06027
21.6 7.0829
21.6 7.10563
21.6 7.12836
21.6 7.15083
21.6 7.17296
21.6 7.19451
21.6 7.21541
21.6 7.23545
21.6 7.25459
21.6 7.27264
21.6 7.28958
21.6 7.30523
21.6 7.3196
21.6 7.33254
21.6 7.34408
21.6 7.3541
21.6 7.36262
21.6 7.36956
21.6 7.37497
21.6 7.37877
21.6 7.38104
21.6 7.3817
21.6 7.38084
21.6 7.37842
21.6 7.37454
21.6 7.36916
21.6 7.36238
21.6 7.35418
21.6 7.34467
21.6 7.33385
21.6 7.32182
21.6 7.30858
21.6 7.29425
21.6 7.27882
21.6 7.26243
21.6 7.24506
21.6 7.22684
21.6 7.20778
21.6 7.18799
21.6 7.16747
21.6 7.14636
21.6 7.12464
21.6 7.10244
21.6 7.07976
21.6 7.05671
21.6 7.0333
21.6 7.00962
21.6 6.98569
21.6 6.9616
21.6 6.93736
21.6 6.91307
21.6 6.88873
21.6 6.86442
21.6 6.84015
21.6 6.81601
21.6 6.792
21.6 6.7682
21.6 6.74461
21.6 6.72131
21.6 6.6983
21.6 6.67566
21.6 6.65338
21.6 6.63154
21.6 6.61013
21.6 6.58923
21.6 6.56882
21.6 6.54898
21.6 6.5297
21.6 6.51104
21.6 6.493
21.6 6.47564
21.6 6.45894
21.6 6.44297
21.6 6.42771
21.6 6.41322
21.6 6.39948
21.6 6.38654
21.6 6.37438
21.6 6.36306
21.6 6.35254
21.6 6.34288
21.6 6.33404
21.6 6.32606
21.6 6.31891
21.6 6.31263
21.6 6.30717
21.6 6.30258
21.6 6.2988
21.6 6.29586
21.6 6.29372
21.6 6.29239
21.6 6.29183
21.6 6.29205
21.6 6.29299
21.6 6.29467
21.6 6.29702
21.6 6.30005
21.6 6.3037
21.6 6.30796
21.6 6.31279
21.6 6.31816
21.6 6.32401
21.6 6.33034
21.6 6.33708
21.6 6.34422
21.6 6.35169
21.6 6.35947
21.6 6.3675
21.6 6.37577
21.6 6.3842
21.6 6.39279
21.6 6.40146
21.6 6.4102
21.6 6.41894
21.6 6.42768
21.6 6.43635
21.6 6.44493
21.6 6.45336
21.6 6.46165
21.6 6.46972
21.6 6.47757
21.6 6.48515
21.6 6.49246
21.6 6.49943
21.6 6.50608
21.6 6.51235
21.6 6.51825
21.6 6.52374
21.6 6.52881
21.6 6.53344
21.6 6.53764
21.6 6.54136
21.6 6.54462
21.6 6.5474
21.6 6.5497
21.6 6.55151
21.6 6.55285
21.6 6.55368
21.6 6.55404
21.6 6.5539
21.6 6.5533
21.6 6.55221
21.6 6.55067
21.6 6.54866
21.6 6.54622
21.6 6.54333
21.6 6.54003
21.6 6.53631
21.6 6.53221
21.6 6.52772
21.6 6.52288
21.6 6.51769
21.6 6.51217
21.6 6.50634
21.6 6.50023
21.6 6.49383
21.6 6.4872
21.6 6.48033
21.6 6.47325
21.6 6.46598
21.6 6.45855
21.6 6.45097
21.6 6.44326
21.6 6.43545
21.6 6.42756
21.6 6.4196
21.6 6.4116
21.6 6.40358
21.6 6.39557
21.6 6.38757
21.6 6.37961
21.6 6.37171
21.6 6.3639
21.6 6.35618
21.6 6.34858
21.6 6.34111
21.6 6.33379
21.6 6.32665
21.6 6.31969
21.6 6.31292
21.6 6.30638
21.6 6.30006
21.6 6.29399
21.6 6.28816
21.6 6.28261
21.6 6.27733
21.6 6.27234
21.6 6.26764
21.6 6.26325
21.6 6.25917
21.6 6.25541
21.6 6.25196
21.6 6.24885
21.6 6.24605
21.6 6.2436
21.6 6.24147
21.6 6.23968
21.6 6.23821
21.6 6.23708
21.6 6.23626
21.6 6.23578
21.6 6.2356
21.6 6.23574
21.6 6.23619
21.6 6.23693
21.6 6.23796
21.6 6.23926
21.6 6.24084
21.6 6.24268
21.6 6.24475
21.6 6.24707
21.6 6.24961
21.6 6.25236
21.6 6.2553
21.6 6.25842
21.6 6.26171
21.6 6.26515
21.6 6.26873
21.6 6.27243
21.6 6.27623
21.6 6.28013
21.6 6.2841
21.6 6.28813
21.6 6.29221
21.6 6.29631
21.6 6.30043
21.6 6.30455
21.6 6.30865
21.6 6.31272
21.6 6.31675
21.6 6.32072
21.6 6.32463
21.6 6.32845
21.6 6.33219
21.6 6.33582
21.6 6.33933
21.6 6.34273
21.6 6.346
21.6 6.34913
21.6 6.35211
21.6 6.35495
21.6 6.35763
21.6 6.36016
21.6 6.36253
21.6 6.36473
21.6 6.36677
21.6 6.36866
21.6 6.37038
21.6 6.37195
21.6 6.37337
21.6 6.37465
21.6 6.37579
21.6 6.3768
21.6 6.37769
21.6 6.37848
21.6 6.37917
21.6 6.37978
21.6 6.38032
21.6 6.38082
21.6 6.38129
21.6 6.38175
21.6 6.38221
21.6 6.38271
21.6 6.38327
21.6 6.38391
21.6 6.38465
21.6 6.38553
21.6 6.38657
21.6 6.3878
21.6 6.38925
21.6 6.39096
21.6 6.39295
21.6 6.39526
21.6 6.39791
21.6 6.40096
21.6 6.40442
21.6 6.40833
21.6 6.41273
21.6 6.41764
21.6 6.42311
21.6 6.42917
21.6 6.43584
21.6 6.44316
21.6 6.45116
21.6 6.45987
21.6 6.46931
21.6 6.47951
21.6 6.4905
21.6 6.50229
21.6 6.5149
21.6 6.52835
21.6 6.54266
21.6 6.55782
21.6 6.57386
21.6 6.59077
21.6 6.60856
21.6 6.62721
21.6 6.64673
21.6 6.6671
21.6 6.6883
21.6 6.71032
21.6 6.73314
21.6 6.75672
21.6 6.78103
21.6 6.80604
21.6 6.83171
21.6 6.858
21.6 6.88485
21.6 6.91222
21.6 6.94005
21.6 6.96828
21.6 6.99687
21.6 7.02573
21.6 7.05481
21.6 7.08404
21.6 7.11334
21.6 7.14266
21.6 7.17191
21.6 7.20103
21.6 7.22993
21.6 7.25856
21.6 7.28683
21.6 7.31467
21.6 7.34202
21.6 7.3688
21.6 7.39494
21.6 7.42038
21.6 7.44505
21.6 7.46889
21.6 7.49185
21.6 7.51387
21.6 7.5349
21.6 7.55488
21.6 7.57378
21.6 7.59155
21.6 7.60815
21.6 7.62355
21.6 7.63772
21.6 7.65064
21.6 7.66228
21.6 7.67262
21.6 7.68166
21.6 7.68938
21.6 7.69578
21.6 7.70086
21.6 7.70461
21.6 7.70704
21.6 7.70817
21.6 7.708
21.6 7.70654
21.6 7.70383
21.6 7.69988
21.6 7.69471
21.6 7.68835
21.6 7.68084
21.6 7.67219
21.6 7.66246
21.6 7.65166
21.6 7.63984
21.6 7.62704
21.6 7.6133
21.6 7.59866
21.6 7.58317
21.6 7.56686
21.6 7.54979
21.6 7.53199
21.6 7.51353
21.6 7.49443
21.6 7.47475
21.6 7.45455
21.6 7.43385
21.6 7.41272
21.6 7.3912
21.6 7.36934
21.6 7.34719
21.6 7.32478
21.6 7.30218
21.6 7.27942
21.6 7.25655
21.6 7.23362
21.6 7.21066
21.6 7.18772
21.6 7.16485
21.6 7.14208
21.6 7.11945
21.6 7.097
21.6 7.07478
21.6 7.05281
21.6 7.03112
21.6 7.00976
21.6 6.98876
21.6 6.96813
21.6 6.94793
21.6 6.92816
21.6 6.90886
21.6 6.89005
21.6 6.87175
21.6 6.85398
