24 14.9447
24 15.285
24 15.3918
24 15.6702
24 15.7371
24 15.8345
24 15.8271
24 15.8217
24 15.7584
24 15.6873
24 15.581
24 15.4661
24 15.3274
24 15.1815
24 15.0192
24 14.8514
24 14.6722
24 14.4891
24 14.2983
24 14.1053
24 13.9072
24 13.7082
24 13.5063
24 13.3046
24 13.1015
24 12.8995
24 12.6975
24 12.4973
24 12.298
24 12.1011
24 11.9058
24 11.7134
24 11.5232
24 11.3362
24 11.1519
24 10.9709
24 10.793
24 10.6186
24 10.4475
24 10.28
24 10.1159
24 9.95546
24 9.79856
24 9.64535
24 9.49569
24 9.3497
24 9.20725
24 9.06843
24 8.93312
24 8.80136
24 8.67307
24 8.54824
24 8.4268
24 8.30873
24 8.19398
24 8.08249
24 7.97425
24 7.8692
24 7.76732
24 7.66856
24 7.57293
24 7.48039
24 7.39096
24 7.30461
24 7.2214
24 7.14129
24 7.06437
24 6.99062
24 6.92015
24 6.85292
24 6.78906
24 6.72856
24 6.67154
24 6.61796
24 6.56796
24 6.52149
24 6.47867
24 6.43943
24 6.40388
24 6.37192
24 6.34363
24 6.3189
24 6.29776
24 6.28007
24 6.26584
24 6.25491
24 6.24724
24 6.24264
24 6.24105
24 6.24225
24 6.24617
24 6.25255
24 6.2613
24 6.27217
24 6.28502
24 6.29961
24 6.31579
24 6.33331
24 6.35204
24 6.3717
24 6.39217
24 6.4132
24 6.43466
24 6.45631
24 6.47803
24 6.49961
24 6.52094
24 6.54181
24 6.56214
24 6.58175
24 6.60058
24 6.61845
24 6.63534
24 6.65108
24 6.66566
24 6.67896
24 6.69098
24 6.7016
24 6.71086
24 6.71866
24 6.72504
24 6.72993
24 6.73338
24 6.73535
24 6.73589
24 6.73498
24 6.73268
24 6.72898
24 6.72395
24 6.71759
24 6.70998
24 6.70113
24 6.69113
24 6.67998
24 6.66779
24 6.65455
24 6.64038
24 6.62529
24 6.60937
24 6.59265
24 6.57521
24 6.55709
24 6.53837
24 6.51908
24 6.4993
24 6.47906
24 6.45845
24 6.43748
24 6.41625
24 6.39475
24 6.3731
24 6.35128
24 6.32939
24 6.30744
24 6.2855
24 6.26358
24 6.24176
24 6.22005
24 6.19851
24 6.17715
24 6.15605
24 6.1352
24 6.11468
24 6.09447
24 6.07466
24 6.05522
24 6.03624
24 6.01771
24 5.99968
24 5.98216
24 5.9652
24 5.94879
24 5.93299
24 5.91779
24 5.90324
24 5.88934
24 5.87613
24 5.8636
24 5.8518
24 5.8407
24 5.83036
24 5.82075
24 5.81191
24 5.80382
24 5.79651
24 5.78996
24 5.7842
24 5.7792
24 5.77498
24 5.7715
24 5.7688
24 5.76684
24 5.76562
24 5.76511
24 5.76532
24 5.7662
24 5.76776
24 5.76996
24 5.77279
24 5.7762
24 5.7802
24 5.78472
24 5.78976
24 5.79528
24 5.80124
24 5.80761
24 5.81436
24 5.82144
24 5.82884
24 5.83649
24 5.84438
24 5.85245
24 5.86069
24 5.86903
24 5.87746
24 5.88593
24 5.89441
24 5.90286
24 5.91125
24 5.91953
24 5.92769
24 5.93568
24 5.94349
24 5.95108
24 5.95842
24 5.96548
24 5.97225
24 5.97869
24 5.9848
24 5.99054
24 5.99591
24 6.00089
24 6.00546
24 6.0096
24 6.01332
24 6.0166
24 6.01944
24 6.02182
24 6.02376
24 6.02523
24 6.02626
24 6.02682
24 6.02694
24 6.02661
24 6.02584
24 6.02464
24 6.02301
24 6.02096
24 6.01851
24 6.01566
24 6.01244
24 6.00884
24 6.0049
24 6.00061
24 5.99601
24 5.99109
24 5.98589
24 5.98042
24 5.97469
24 5.96873
24 5.96256
24 5.95618
24 5.94964
24 5.94293
24 5.93609
24 5.92912
24 5.92207
24 5.91493
24 5.90773
24 5.90049
24 5.89324
24 5.88598
24 5.87874
24 5.87153
24 5.86439
24 5.85731
24 5.85033
24 5.84345
24 5.8367
24 5.83008
24 5.82363
24 5.81734
24 5.81124
24 5.80533
24 5.79964
24 5.79417
24 5.78894
24 5.78395
24 5.77922
24 5.77476
24 5.77057
24 5.76665
24 5.76303
24 5.75969
24 5.75666
24 5.75392
24 5.75149
24 5.74937
24 5.74755
24 5.74604
24 5.74483
24 5.74393
24 5.74333
24 5.74302
24 5.74302
24 5.74329
24 5.74385
24 5.74469
24 5.74579
24 5.74715
24 5.74876
24 5.75061
24 5.75269
24 5.75499
24 5.75749
24 5.76019
24 5.76307
24 5.76611
24 5.76932
24 5.77266
24 5.77613
24 5.77972
24 5.7834
24 5.78718
24 5.79102
24 5.79492
24 5.79886
24 5.80283
24 5.80681
24 5.81079
24 5.81477
24 5.81871
24 5.82262
24 5.82647
24 5.83027
24 5.83398
24 5.83762
24 5.84116
24 5.84459
24 5.84792
24 5.85112
24 5.85419
24 5.85713
24 5.85993
24 5.86258
24 5.86509
24 5.86744
24 5.86964
24 5.87169
24 5.87358
24 5.87532
24 5.87691
24 5.87836
24 5.87966
24 5.88083
24 5.88187
24 5.88279
24 5.88359
24 5.8843
24 5.88492
24 5.88547
24 5.88595
24 5.88639
24 5.8868
24 5.8872
24 5.88762
24 5.88806
24 5.88855
24 5.88912
24 5.88979
24 5.89058
24 5.89152
24 5.89264
24 5.89396
24 5.89552
24 5.89734
24 5.89944
24 5.90187
24 5.90466
24 5.90782
24 5.9114
24 5.91543
24 5.91993
24 5.92494
24 5.93048
24 5.93659
24 5.9433
24 5.95062
24 5.95859
24 5.96723
24 5.97657
24 5.98663
24 5.99742
24 6.00896
24 6.02127
24 6.03435
24 6.04823
24 6.0629
24 6.07836
24 6.09463
24 6.11168
24 6.12953
24 6.14815
24 6.16753
24 6.18766
24 6.20851
24 6.23006
24 6.25227
24 6.27513
24 6.29858
24 6.32259
24 6.34711
24 6.37211
24 6.39752
24 6.4233
24 6.4494
24 6.47575
24 6.50229
24 6.52896
24 6.55571
24 6.58246
24 6.60915
24 6.63571
24 6.66208
24 6.68819
24 6.71397
24 6.73936
24 6.7643
24 6.78871
24 6.81255
24 6.83575
24 6.85825
24 6.88
24 6.90094
24 6.92103
24 6.94022
24 6.95846
24 6.97572
24 6.99195
24 7.00714
24 7.02123
24 7.03422
24 7.04608
24 7.05679
24 7.06633
24 7.07469
24 7.08187
24 7.08786
24 7.09266
24 7.09628
24 7.09872
24 7.09998
24 7.10008
24 7.09904
24 7.09688
24 7.0936
24 7.08924
24 7.08382
24 7.07737
24 7.06991
24 7.06148
24 7.05211
24 7.04183
24 7.03068
24 7.0187
24 7.00592
24 6.99238
24 6.97812
24 6.96318
24 6.94761
24 6.93144
24 6.91471
24 6.89747
24 6.87977
24 6.86164
24 6.84312
24 6.82426
24 6.8051
24 6.78568
24 6.76604
24 6.74623
24 6.72628
24 6.70623
24 6.68613
24 6.66601
24 6.64591
24 6.62587
24 6.60591
24 6.58609
24 6.56642
24 6.54695
24 6.5277
24 6.5087
24 6.48999
24 6.47159
24 6.45353
24 6.43583
24 6.41852
24 6.40161
24 6.38514
