2.4 149.21
2.4 152.564
2.4 153.539
2.4 156.339
2.4 156.962
2.4 157.953
2.4 157.848
2.4 157.796
2.4 157.135
2.4 156.418
2.4 155.327
2.4 154.165
2.4 152.748
2.4 151.268
2.4 149.611
2.4 147.904
2.4 146.072
2.4 144.205
2.4 142.249
2.4 140.274
2.4 138.238
2.4 136.195
2.4 134.115
2.4 132.037
2.4 129.938
2.4 127.852
2.4 125.759
2.4 123.684
2.4 121.614
2.4 119.569
2.4 117.536
2.4 115.534
2.4 113.55
2.4 111.6
2.4 109.674
2.4 107.785
2.4 105.924
2.4 104.101
2.4 102.31
2.4 100.558
2.4 98.8397
2.4 97.1617
2.4 95.519
2.4 93.9166
2.4 92.3504
2.4 90.8244
2.4 89.3349
2.4 87.8852
2.4 86.4721
2.4 85.098
2.4 83.7601
2.4 82.4604
2.4 81.1964
2.4 79.9695
2.4 78.7777
2.4 77.6221
2.4 76.5009
2.4 75.4152
2.4 74.3634
2.4 73.3465
2.4 72.3635
2.4 71.4151
2.4 70.5008
2.4 69.6214
2.4 68.7766
2.4 67.9672
2.4 67.1934
2.4 66.4557
2.4 65.7546
2.4 65.0906
2.4 64.4641
2.4 63.8756
2.4 63.3255
2.4 62.8139
2.4 62.3411
2.4 61.9069
2.4 61.5116
2.4 61.1545
2.4 60.8354
2.4 60.5536
2.4 60.3085
2.4 60.0989
2.4 59.9241
2.4 59.7823
2.4 59.6727
2.4 59.5933
2.4 59.5428
2.4 59.5191
2.4 59.5208
2.4 59.5455
2.4 59.5918
2.4 59.6571
2.4 59.74
2.4 59.8379
2.4 59.9493
2.4 60.0716
2.4 60.2036
2.4 60.3426
2.4 60.4876
2.4 60.636
2.4 60.7869
2.4 60.9379
2.4 61.0883
2.4 61.2358
2.4 61.38
2.4 61.5188
2.4 61.6519
2.4 61.7775
2.4 61.8955
2.4 62.0042
2.4 62.1038
2.4 62.1927
2.4 62.2714
2.4 62.3384
2.4 62.3944
2.4 62.4381
2.4 62.4702
2.4 62.4898
2.4 62.4976
2.4 62.4927
2.4 62.4762
2.4 62.4471
2.4 62.4066
2.4 62.354
2.4 62.2904
2.4 62.2152
2.4 62.1295
2.4 62.033
2.4 61.9266
2.4 61.8101
2.4 61.6847
2.4 61.5498
2.4 61.4069
2.4 61.2555
2.4 61.0968
2.4 60.9306
2.4 60.758
2.4 60.5787
2.4 60.394
2.4 60.2035
2.4 60.0085
2.4 59.8087
2.4 59.6052
2.4 59.3976
2.4 59.1873
2.4 58.9739
2.4 58.7584
2.4 58.5407
2.4 58.3217
2.4 58.1013
2.4 57.8804
2.4 57.6587
2.4 57.4373
2.4 57.2159
2.4 56.9955
2.4 56.7757
2.4 56.5577
2.4 56.3409
2.4 56.1264
2.4 55.9139
2.4 55.7044
2.4 55.4974
2.4 55.294
2.4 55.0937
2.4 54.8976
2.4 54.7052
2.4 54.5175
2.4 54.3341
2.4 54.1559
2.4 53.9825
2.4 53.8149
2.4 53.6525
2.4 53.4963
2.4 53.3458
2.4 53.2019
2.4 53.064
2.4 52.9332
2.4 52.8087
2.4 52.6914
2.4 52.5807
2.4 52.4775
2.4 52.3811
2.4 52.2923
2.4 52.2103
2.4 52.1359
2.4 52.0684
2.4 52.0084
2.4 51.9552
2.4 51.9093
2.4 51.87
2.4 51.8378
2.4 51.8118
2.4 51.7926
2.4 51.7793
2.4 51.7723
2.4 51.7707
2.4 51.775
2.4 51.7841
2.4 51.7984
2.4 51.817
2.4 51.8402
2.4 51.867
2.4 51.8978
2.4 51.9315
2.4 51.9684
2.4 52.0075
2.4 52.0491
2.4 52.0922
2.4 52.1371
2.4 52.1828
2.4 52.2296
2.4 52.2765
2.4 52.3238
2.4 52.3706
2.4 52.4171
2.4 52.4625
2.4 52.507
2.4 52.5498
2.4 52.5912
2.4 52.6303
2.4 52.6676
2.4 52.7023
2.4 52.7346
2.4 52.7639
2.4 52.7905
2.4 52.8138
2.4 52.8341
2.4 52.8508
2.4 52.8644
2.4 52.8741
2.4 52.8806
2.4 52.8831
2.4 52.8823
2.4 52.8775
2.4 52.8692
2.4 52.857
2.4 52.8414
2.4 52.8218
2.4 52.7989
2.4 52.7722
2.4 52.7423
2.4 52.7087
2.4 52.6721
2.4 52.6319
2.4 52.5889
2.4 52.5426
2.4 52.4936
2.4 52.4416
2.4 52.3872
2.4 52.33
2.4 52.2707
2.4 52.2089
2.4 52.1453
2.4 52.0794
2.4 52.012
2.4 51.9427
2.4 51.8721
2.4 51.8
2.4 51.727
2.4 51.6526
2.4 51.5777
2.4 51.5018
2.4 51.4257
2.4 51.3489
2.4 51.2721
2.4 51.1951
2.4 51.1184
2.4 51.0416
2.4 50.9656
2.4 50.8898
2.4 50.815
2.4 50.7408
2.4 50.6678
2.4 50.5957
2.4 50.5251
2.4 50.4556
2.4 50.3879
2.4 50.3215
2.4 50.2572
2.4 50.1944
2.4 50.1338
2.4 50.0751
2.4 50.0187
2.4 49.9643
2.4 49.9124
2.4 49.8627
2.4 49.8156
2.4 49.7708
2.4 49.7288
2.4 49.6891
2.4 49.6522
2.4 49.6177
2.4 49.5861
2.4 49.5569
2.4 49.5306
2.4 49.5067
2.4 49.4857
2.4 49.467
2.4 49.4511
2.4 49.4374
2.4 49.4265
2.4 49.4178
2.4 49.4116
2.4 49.4074
2.4 49.4057
2.4 49.4059
2.4 49.4083
2.4 49.4125
2.4 49.4187
2.4 49.4264
2.4 49.4359
2.4 49.4467
2.4 49.4591
2.4 49.4726
2.4 49.4874
2.4 49.5031
2.4 49.5198
2.4 49.5372
2.4 49.5554
2.4 49.5739
2.4 49.593
2.4 49.6123
2.4 49.6319
2.4 49.6514
2.4 49.671
2.4 49.6903
2.4 49.7095
2.4 49.7281
2.4 49.7465
2.4 49.7641
2.4 49.7813
2.4 49.7975
2.4 49.8132
2.4 49.8279
2.4 49.8418
2.4 49.8546
2.4 49.8666
2.4 49.8774
2.4 49.8873
2.4 49.896
2.4 49.9038
2.4 49.9103
2.4 49.9161
2.4 49.9206
2.4 49.9244
2.4 49.927
2.4 49.929
2.4 49.93
2.4 49.9306
2.4 49.9303
2.4 49.9297
2.4 49.9286
2.4 49.9274
2.4 49.9259
2.4 49.9247
2.4 49.9235
2.4 49.9229
2.4 49.9227
2.4 49.9235
2.4 49.925
2.4 49.928
2.4 49.9322
2.4 49.9383
2.4 49.9461
2.4 49.9562
2.4 49.9686
2.4 49.9838
2.4 50.0018
2.4 50.0232
2.4 50.0479
2.4 50.0764
2.4 50.1088
2.4 50.1457
2.4 50.1869
2.4 50.2331
2.4 50.2841
2.4 50.3405
2.4 50.4023
2.4 50.47
2.4 50.5434
2.4 50.6231
2.4 50.7089
2.4 50.8013
2.4 50.9
2.4 51.0056
2.4 51.1178
2.4 51.237
2.4 51.3629
2.4 51.4959
2.4 51.6355
2.4 51.7822
2.4 51.9354
2.4 52.0954
2.4 52.2618
2.4 52.4348
2.4 52.6137
2.4 52.7988
2.4 52.9894
2.4 53.1856
2.4 53.3868
2.4 53.5929
2.4 53.8033
2.4 54.0179
2.4 54.236
2.4 54.4574
2.4 54.6813
2.4 54.9077
2.4 55.1356
2.4 55.365
2.4 55.5949
2.4 55.8252
2.4 56.0549
2.4 56.2838
2.4 56.5111
2.4 56.7365
2.4 56.9591
2.4 57.1786
2.4 57.3943
2.4 57.6058
2.4 57.8123
2.4 58.0136
2.4 58.2088
2.4 58.3978
2.4 58.5797
2.4 58.7544
2.4 58.9211
2.4 59.0797
2.4 59.2295
2.4 59.3705
2.4 59.5019
2.4 59.6237
2.4 59.7354
2.4 59.837
2.4 59.9278
2.4 60.0081
2.4 60.0774
2.4 60.1357
2.4 60.1827
2.4 60.2186
2.4 60.243
2.4 60.2562
2.4 60.2579
2.4 60.2484
2.4 60.2275
2.4 60.1956
2.4 60.1525
2.4 60.0986
2.4 60.0338
2.4 59.9585
2.4 59.8728
2.4 59.7771
2.4 59.6713
2.4 59.5561
2.4 59.4315
2.4 59.298
2.4 59.1558
2.4 59.0053
2.4 58.8468
2.4 58.6809
2.4 58.5075
2.4 58.3276
2.4 58.1411
2.4 57.9487
2.4 57.7507
2.4 57.5476
2.4 57.3397
2.4 57.1276
2.4 56.9116
2.4 56.6923
2.4 56.4699
2.4 56.2452
2.4 56.0182
2.4 55.7897
2.4 55.5598
2.4 55.3293
2.4 55.0983
2.4 54.8675
2.4 54.637
2.4 54.4076
2.4 54.1792
2.4 53.9527
2.4 53.728
2.4 53.5059
2.4 53.2863
2.4 53.07
2.4 52.8569
2.4 52.6478
2.4 52.4424
2.4 52.2416
2.4 52.0451
2.4 51.8537
2.4 51.6671
2.4 51.486
2.4 51.3102
2.4 51.1402
2.4 50.9759
2.4 50.8177
2.4 50.6656
2.4 50.5197
2.4 50.3801
