4.8 74.6088
4.8 76.2866
4.8 76.7751
4.8 78.175
4.8 78.4873
4.8 78.9825
4.8 78.9305
4.8 78.9043
4.8 78.5744
4.8 78.2156
4.8 77.671
4.8 77.0901
4.8 76.3819
4.8 75.6424
4.8 74.8144
4.8 73.9614
4.8 73.0457
4.8 72.1127
4.8 71.1358
4.8 70.1487
4.8 69.1319
4.8 68.1112
4.8 67.0718
4.8 66.0338
4.8 64.9856
4.8 63.9434
4.8 62.8979
4.8 61.8619
4.8 60.828
4.8 59.8065
4.8 58.7915
4.8 57.7913
4.8 56.8008
4.8 55.8269
4.8 54.8654
4.8 53.9218
4.8 52.9927
4.8 52.0825
4.8 51.1881
4.8 50.3133
4.8 49.4555
4.8 48.6177
4.8 47.7974
4.8 46.9973
4.8 46.2153
4.8 45.4533
4.8 44.7096
4.8 43.9857
4.8 43.2801
4.8 42.5939
4.8 41.9258
4.8 41.2768
4.8 40.6455
4.8 40.0328
4.8 39.4375
4.8 38.8604
4.8 38.3004
4.8 37.758
4.8 37.2326
4.8 36.7246
4.8 36.2335
4.8 35.7596
4.8 35.3028
4.8 34.8633
4.8 34.4411
4.8 34.0365
4.8 33.6496
4.8 33.2808
4.8 32.9301
4.8 32.598
4.8 32.2846
4.8 31.99
4.8 31.7146
4.8 31.4584
4.8 31.2216
4.8 31.004
4.8 30.8058
4.8 30.6267
4.8 30.4667
4.8 30.3252
4.8 30.2021
4.8 30.0967
4.8 30.0088
4.8 29.9374
4.8 29.8822
4.8 29.842
4.8 29.8165
4.8 29.8043
4.8 29.805
4.8 29.8172
4.8 29.8404
4.8 29.8731
4.8 29.9147
4.8 29.9639
4.8 30.02
4.8 30.0816
4.8 30.1482
4.8 30.2184
4.8 30.2917
4.8 30.3667
4.8 30.4431
4.8 30.5197
4.8 30.596
4.8 30.6709
4.8 30.7443
4.8 30.815
4.8 30.8828
4.8 30.947
4.8 31.0074
4.8 31.0632
4.8 31.1144
4.8 31.1603
4.8 31.2011
4.8 31.2361
4.8 31.2655
4.8 31.2888
4.8 31.3062
4.8 31.3174
4.8 31.3226
4.8 31.3215
4.8 31.3144
4.8 31.3011
4.8 31.282
4.8 31.2568
4.8 31.2261
4.8 31.1895
4.8 31.1476
4.8 31.1003
4.8 31.0479
4.8 30.9905
4.8 30.9285
4.8 30.8618
4.8 30.791
4.8 30.7159
4.8 30.6372
4.8 30.5546
4.8 30.4687
4.8 30.3796
4.8 30.2876
4.8 30.1928
4.8 30.0956
4.8 29.996
4.8 29.8945
4.8 29.791
4.8 29.6861
4.8 29.5796
4.8 29.4721
4.8 29.3634
4.8 29.2541
4.8 29.144
4.8 29.0337
4.8 28.923
4.8 28.8125
4.8 28.7019
4.8 28.5918
4.8 28.482
4.8 28.3731
4.8 28.2648
4.8 28.1577
4.8 28.0515
4.8 27.9469
4.8 27.8435
4.8 27.7419
4.8 27.6418
4.8 27.5439
4.8 27.4478
4.8 27.3541
4.8 27.2625
4.8 27.1735
4.8 27.0869
4.8 27.0032
4.8 26.9222
4.8 26.8442
4.8 26.7691
4.8 26.6972
4.8 26.6285
4.8 26.5632
4.8 26.5011
4.8 26.4426
4.8 26.3874
4.8 26.336
4.8 26.2879
4.8 26.2437
4.8 26.2029
4.8 26.1659
4.8 26.1323
4.8 26.1025
4.8 26.0761
4.8 26.0534
4.8 26.034
4.8 26.0181
4.8 26.0054
4.8 25.9961
4.8 25.9897
4.8 25.9866
4.8 25.9861
4.8 25.9886
4.8 25.9935
4.8 26.0011
4.8 26.0108
4.8 26.0228
4.8 26.0367
4.8 26.0526
4.8 26.0699
4.8 26.0889
4.8 26.109
4.8 26.1304
4.8 26.1526
4.8 26.1756
4.8 26.1992
4.8 26.2232
4.8 26.2474
4.8 26.2717
4.8 26.2958
4.8 26.3199
4.8 26.3433
4.8 26.3664
4.8 26.3886
4.8 26.4101
4.8 26.4305
4.8 26.45
4.8 26.4681
4.8 26.4852
4.8 26.5007
4.8 26.5148
4.8 26.5273
4.8 26.5384
4.8 26.5476
4.8 26.5552
4.8 26.561
4.8 26.565
4.8 26.5672
4.8 26.5676
4.8 26.566
4.8 26.5627
4.8 26.5573
4.8 26.5503
4.8 26.5413
4.8 26.5306
4.8 26.518
4.8 26.5037
4.8 26.4876
4.8 26.47
4.8 26.4505
4.8 26.4297
4.8 26.4071
4.8 26.3832
4.8 26.3578
4.8 26.3312
4.8 26.3031
4.8 26.2739
4.8 26.2435
4.8 26.2122
4.8 26.1797
4.8 26.1464
4.8 26.1121
4.8 26.0772
4.8 26.0415
4.8 26.0053
4.8 25.9685
4.8 25.9314
4.8 25.8937
4.8 25.8559
4.8 25.8178
4.8 25.7796
4.8 25.7413
4.8 25.7032
4.8 25.6651
4.8 25.6272
4.8 25.5895
4.8 25.5523
4.8 25.5153
4.8 25.479
4.8 25.4431
4.8 25.4079
4.8 25.3733
4.8 25.3396
4.8 25.3065
4.8 25.2744
4.8 25.2432
4.8 25.213
4.8 25.1837
4.8 25.1556
4.8 25.1285
4.8 25.1027
4.8 25.078
4.8 25.0545
4.8 25.0322
4.8 25.0113
4.8 24.9916
4.8 24.9733
4.8 24.9561
4.8 24.9405
4.8 24.926
4.8 24.913
4.8 24.9012
4.8 24.8908
4.8 24.8816
4.8 24.8739
4.8 24.8672
4.8 24.862
4.8 24.8578
4.8 24.8549
4.8 24.8531
4.8 24.8525
4.8 24.8528
4.8 24.8543
4.8 24.8566
4.8 24.86
4.8 24.8641
4.8 24.8692
4.8 24.8749
4.8 24.8815
4.8 24.8886
4.8 24.8964
4.8 24.9046
4.8 24.9133
4.8 24.9224
4.8 24.9319
4.8 24.9416
4.8 24.9516
4.8 24.9617
4.8 24.972
4.8 24.9822
4.8 24.9925
4.8 25.0026
4.8 25.0127
4.8 25.0225
4.8 25.0321
4.8 25.0415
4.8 25.0506
4.8 25.0592
4.8 25.0676
4.8 25.0754
4.8 25.0829
4.8 25.0898
4.8 25.0963
4.8 25.1021
4.8 25.1076
4.8 25.1124
4.8 25.1168
4.8 25.1205
4.8 25.1239
4.8 25.1266
4.8 25.1289
4.8 25.1306
4.8 25.132
4.8 25.1328
4.8 25.1334
4.8 25.1336
4.8 25.1336
4.8 25.1333
4.8 25.133
4.8 25.1324
4.8 25.132
4.8 25.1315
4.8 25.1313
4.8 25.1313
4.8 25.1318
4.8 25.1326
4.8 25.134
4.8 25.1361
4.8 25.139
4.8 25.1428
4.8 25.1477
4.8 25.1537
4.8 25.1611
4.8 25.1699
4.8 25.1803
4.8 25.1923
4.8 25.2063
4.8 25.2222
4.8 25.2403
4.8 25.2605
4.8 25.2832
4.8 25.3084
4.8 25.3362
4.8 25.3668
4.8 25.4003
4.8 25.4367
4.8 25.4762
4.8 25.5188
4.8 25.5648
4.8 25.614
4.8 25.6666
4.8 25.7226
4.8 25.7822
4.8 25.8452
4.8 25.9117
4.8 25.9817
4.8 26.0553
4.8 26.1323
4.8 26.2127
4.8 26.2965
4.8 26.3835
4.8 26.4738
4.8 26.5671
4.8 26.6634
4.8 26.7625
4.8 26.8643
4.8 26.9686
4.8 27.0751
4.8 27.1839
4.8 27.2945
4.8 27.4068
4.8 27.5206
4.8 27.6356
4.8 27.7515
4.8 27.8683
4.8 27.9853
4.8 28.1026
4.8 28.2197
4.8 28.3365
4.8 28.4524
4.8 28.5675
4.8 28.6812
4.8 28.7934
4.8 28.9037
4.8 29.0119
4.8 29.1176
4.8 29.2207
4.8 29.3208
4.8 29.4177
4.8 29.511
4.8 29.6007
4.8 29.6863
4.8 29.7679
4.8 29.845
4.8 29.9176
4.8 29.9853
4.8 30.0482
4.8 30.106
4.8 30.1586
4.8 30.2058
4.8 30.2476
4.8 30.2838
4.8 30.3144
4.8 30.3394
4.8 30.3586
4.8 30.372
4.8 30.3798
4.8 30.3817
4.8 30.3779
4.8 30.3684
4.8 30.3533
4.8 30.3325
4.8 30.3062
4.8 30.2744
4.8 30.2373
4.8 30.1949
4.8 30.1475
4.8 30.095
4.8 30.0377
4.8 29.9757
4.8 29.9092
4.8 29.8382
4.8 29.7632
4.8 29.684
4.8 29.6012
4.8 29.5146
4.8 29.4247
4.8 29.3314
4.8 29.2353
4.8 29.1363
4.8 29.0348
4.8 28.9308
4.8 28.8248
4.8 28.7168
4.8 28.6071
4.8 28.496
4.8 28.3836
4.8 28.2701
4.8 28.1559
4.8 28.041
4.8 27.9258
4.8 27.8103
4.8 27.695
4.8 27.5798
4.8 27.4652
4.8 27.3511
4.8 27.238
4.8 27.1258
4.8 27.0148
4.8 26.9052
4.8 26.7972
4.8 26.6909
4.8 26.5864
4.8 26.484
4.8 26.3837
4.8 26.2857
4.8 26.1902
4.8 26.0972
4.8 26.0068
4.8 25.9192
4.8 25.8344
4.8 25.7525
4.8 25.6737
4.8 25.5978
4.8 25.5251
4.8 25.4556
