7.2 49.7432
7.2 50.8625
7.2 51.1898
7.2 52.1228
7.2 52.3317
7.2 52.6616
7.2 52.6274
7.2 52.6099
7.2 52.3905
7.2 52.1514
7.2 51.7888
7.2 51.4017
7.2 50.9301
7.2 50.4375
7.2 49.886
7.2 49.3179
7.2 48.7081
7.2 48.0867
7.2 47.4363
7.2 46.779
7.2 46.102
7.2 45.4224
7.2 44.7305
7.2 44.0396
7.2 43.342
7.2 42.6483
7.2 41.9525
7.2 41.2631
7.2 40.5752
7.2 39.8955
7.2 39.2202
7.2 38.5547
7.2 37.8958
7.2 37.2479
7.2 36.6083
7.2 35.9807
7.2 35.3626
7.2 34.7572
7.2 34.1623
7.2 33.5805
7.2 33.0099
7.2 32.4526
7.2 31.9071
7.2 31.3749
7.2 30.8547
7.2 30.3479
7.2 29.8532
7.2 29.3717
7.2 28.9023
7.2 28.4458
7.2 28.0013
7.2 27.5695
7.2 27.1495
7.2 26.7418
7.2 26.3457
7.2 25.9616
7.2 25.589
7.2 25.228
7.2 24.8783
7.2 24.5401
7.2 24.2131
7.2 23.8976
7.2 23.5933
7.2 23.3006
7.2 23.0193
7.2 22.7497
7.2 22.4919
7.2 22.2459
7.2 22.0121
7.2 21.7905
7.2 21.5813
7.2 21.3846
7.2 21.2007
7.2 21.0294
7.2 20.8711
7.2 20.7255
7.2 20.5928
7.2 20.4728
7.2 20.3655
7.2 20.2705
7.2 20.1878
7.2 20.117
7.2 20.0577
7.2 20.0096
7.2 19.9723
7.2 19.945
7.2 19.9276
7.2 19.9192
7.2 19.9195
7.2 19.9275
7.2 19.9429
7.2 19.9648
7.2 19.9927
7.2 20.0258
7.2 20.0636
7.2 20.1052
7.2 20.1502
7.2 20.1978
7.2 20.2475
7.2 20.2985
7.2 20.3504
7.2 20.4026
7.2 20.4547
7.2 20.5059
7.2 20.5562
7.2 20.6047
7.2 20.6515
7.2 20.6958
7.2 20.7376
7.2 20.7763
7.2 20.8121
7.2 20.8443
7.2 20.8731
7.2 20.898
7.2 20.9192
7.2 20.9363
7.2 20.9495
7.2 20.9584
7.2 20.9634
7.2 20.964
7.2 20.9607
7.2 20.9532
7.2 20.9418
7.2 20.9262
7.2 20.9069
7.2 20.8836
7.2 20.8568
7.2 20.8262
7.2 20.7923
7.2 20.7549
7.2 20.7144
7.2 20.6707
7.2 20.6242
7.2 20.5748
7.2 20.523
7.2 20.4685
7.2 20.4118
7.2 20.3528
7.2 20.292
7.2 20.2292
7.2 20.1648
7.2 20.0987
7.2 20.0314
7.2 19.9627
7.2 19.893
7.2 19.8222
7.2 19.7508
7.2 19.6785
7.2 19.6058
7.2 19.5326
7.2 19.4592
7.2 19.3856
7.2 19.312
7.2 19.2384
7.2 19.1651
7.2 19.0921
7.2 19.0196
7.2 18.9475
7.2 18.8762
7.2 18.8055
7.2 18.7358
7.2 18.667
7.2 18.5993
7.2 18.5327
7.2 18.4676
7.2 18.4036
7.2 18.3412
7.2 18.2803
7.2 18.2211
7.2 18.1635
7.2 18.1078
7.2 18.0539
7.2 18.002
7.2 17.952
7.2 17.9043
7.2 17.8586
7.2 17.8152
7.2 17.7739
7.2 17.7351
7.2 17.6985
7.2 17.6643
7.2 17.6325
7.2 17.6031
7.2 17.5761
7.2 17.5516
7.2 17.5295
7.2 17.5098
7.2 17.4924
7.2 17.4775
7.2 17.4648
7.2 17.4545
7.2 17.4463
7.2 17.4404
7.2 17.4365
7.2 17.4347
7.2 17.4348
7.2 17.4368
7.2 17.4405
7.2 17.4459
7.2 17.4528
7.2 17.4613
7.2 17.4711
7.2 17.4822
7.2 17.4943
7.2 17.5075
7.2 17.5215
7.2 17.5364
7.2 17.5518
7.2 17.5679
7.2 17.5843
7.2 17.601
7.2 17.6179
7.2 17.6349
7.2 17.6518
7.2 17.6686
7.2 17.6851
7.2 17.7013
7.2 17.717
7.2 17.7322
7.2 17.7467
7.2 17.7606
7.2 17.7737
7.2 17.7859
7.2 17.7972
7.2 17.8076
7.2 17.8169
7.2 17.8252
7.2 17.8323
7.2 17.8383
7.2 17.8431
7.2 17.8467
7.2 17.849
7.2 17.8502
7.2 17.85
7.2 17.8487
7.2 17.846
7.2 17.8422
7.2 17.837
7.2 17.8307
7.2 17.8231
7.2 17.8144
7.2 17.8044
7.2 17.7934
7.2 17.7811
7.2 17.7679
7.2 17.7535
7.2 17.7382
7.2 17.7219
7.2 17.7047
7.2 17.6866
7.2 17.6677
7.2 17.6479
7.2 17.6275
7.2 17.6063
7.2 17.5846
7.2 17.5622
7.2 17.5394
7.2 17.5159
7.2 17.4922
7.2 17.468
7.2 17.4435
7.2 17.4187
7.2 17.3938
7.2 17.3687
7.2 17.3435
7.2 17.3182
7.2 17.293
7.2 17.2678
7.2 17.2428
7.2 17.2178
7.2 17.1932
7.2 17.1687
7.2 17.1446
7.2 17.1208
7.2 17.0975
7.2 17.0745
7.2 17.0522
7.2 17.0302
7.2 17.009
7.2 16.9882
7.2 16.9682
7.2 16.9488
7.2 16.9301
7.2 16.9122
7.2 16.895
7.2 16.8786
7.2 16.8631
7.2 16.8483
7.2 16.8345
7.2 16.8214
7.2 16.8093
7.2 16.798
7.2 16.7877
7.2 16.7782
7.2 16.7696
7.2 16.7619
7.2 16.7551
7.2 16.7492
7.2 16.7441
7.2 16.7399
7.2 16.7366
7.2 16.734
7.2 16.7323
7.2 16.7313
7.2 16.7311
7.2 16.7316
7.2 16.7328
7.2 16.7347
7.2 16.7372
7.2 16.7403
7.2 16.744
7.2 16.7482
7.2 16.7529
7.2 16.758
7.2 16.7635
7.2 16.7694
7.2 16.7756
7.2 16.7821
7.2 16.7889
7.2 16.7958
7.2 16.8029
7.2 16.8101
7.2 16.8174
7.2 16.8247
7.2 16.8321
7.2 16.8393
7.2 16.8466
7.2 16.8537
7.2 16.8606
7.2 16.8674
7.2 16.874
7.2 16.8803
7.2 16.8864
7.2 16.8922
7.2 16.8977
7.2 16.9029
7.2 16.9078
7.2 16.9122
7.2 16.9164
7.2 16.9202
7.2 16.9236
7.2 16.9266
7.2 16.9293
7.2 16.9316
7.2 16.9336
7.2 16.9352
7.2 16.9365
7.2 16.9375
7.2 16.9383
7.2 16.9388
7.2 16.9392
7.2 16.9393
7.2 16.9393
7.2 16.9393
7.2 16.9392
7.2 16.9391
7.2 16.9391
7.2 16.9392
7.2 16.9396
7.2 16.9402
7.2 16.9412
7.2 16.9425
7.2 16.9444
7.2 16.9469
7.2 16.95
7.2 16.9538
7.2 16.9585
7.2 16.9641
7.2 16.9708
7.2 16.9785
7.2 16.9874
7.2 16.9976
7.2 17.0093
7.2 17.0223
7.2 17.037
7.2 17.0533
7.2 17.0713
7.2 17.0912
7.2 17.113
7.2 17.1367
7.2 17.1625
7.2 17.1904
7.2 17.2205
7.2 17.2528
7.2 17.2874
7.2 17.3243
7.2 17.3635
7.2 17.4051
7.2 17.4491
7.2 17.4955
7.2 17.5443
7.2 17.5954
7.2 17.6489
7.2 17.7046
7.2 17.7627
7.2 17.8229
7.2 17.8853
7.2 17.9497
7.2 18.0161
7.2 18.0844
7.2 18.1544
7.2 18.2261
7.2 18.2993
7.2 18.3738
7.2 18.4496
7.2 18.5264
7.2 18.6042
7.2 18.6827
7.2 18.7617
7.2 18.8411
7.2 18.9208
7.2 19.0004
7.2 19.0798
7.2 19.1588
7.2 19.2373
7.2 19.315
7.2 19.3917
7.2 19.4671
7.2 19.5413
7.2 19.6138
7.2 19.6846
7.2 19.7534
7.2 19.8201
7.2 19.8845
7.2 19.9465
7.2 20.0058
7.2 20.0623
7.2 20.1159
7.2 20.1665
7.2 20.2139
7.2 20.2579
7.2 20.2986
7.2 20.3358
7.2 20.3693
7.2 20.3992
7.2 20.4254
7.2 20.4478
7.2 20.4664
7.2 20.4811
7.2 20.4919
7.2 20.4989
7.2 20.502
7.2 20.5012
7.2 20.4965
7.2 20.488
7.2 20.4757
7.2 20.4597
7.2 20.44
7.2 20.4167
7.2 20.3898
7.2 20.3595
7.2 20.3258
7.2 20.2888
7.2 20.2487
7.2 20.2055
7.2 20.1593
7.2 20.1103
7.2 20.0586
7.2 20.0043
7.2 19.9475
7.2 19.8885
7.2 19.8272
7.2 19.7639
7.2 19.6987
7.2 19.6317
7.2 19.5632
7.2 19.4932
7.2 19.4218
7.2 19.3493
7.2 19.2758
7.2 19.2015
7.2 19.1263
7.2 19.0507
7.2 18.9746
7.2 18.8982
7.2 18.8217
7.2 18.7452
7.2 18.6688
7.2 18.5927
7.2 18.5169
7.2 18.4418
7.2 18.3672
7.2 18.2935
7.2 18.2206
7.2 18.1488
7.2 18.0781
7.2 18.0086
7.2 17.9404
7.2 17.8736
7.2 17.8084
7.2 17.7447
7.2 17.6827
7.2 17.6225
7.2 17.564
7.2 17.5074
7.2 17.4528
7.2 17.4001
7.2 17.3495
7.2 17.3009
7.2 17.2544
