9.6 37.3116
9.6 38.1519
9.6 38.399
9.6 39.0985
9.6 39.256
9.6 39.5031
9.6 39.4781
9.6 39.4649
9.6 39.3008
9.6 39.1216
9.6 38.8501
9.6 38.5601
9.6 38.2069
9.6 37.8378
9.6 37.4248
9.6 36.9992
9.6 36.5426
9.6 36.0772
9.6 35.5902
9.6 35.098
9.6 34.5913
9.6 34.0826
9.6 33.5647
9.6 33.0476
9.6 32.5256
9.6 32.0065
9.6 31.486
9.6 30.9702
9.6 30.4557
9.6 29.9473
9.6 29.4423
9.6 28.9446
9.6 28.4518
9.6 27.9674
9.6 27.4892
9.6 27.0199
9.6 26.5578
9.6 26.1051
9.6 25.6604
9.6 25.2254
9.6 24.7989
9.6 24.3823
9.6 23.9745
9.6 23.5766
9.6 23.1877
9.6 22.8088
9.6 22.4389
9.6 22.0789
9.6 21.7279
9.6 21.3865
9.6 21.0542
9.6 20.7312
9.6 20.4171
9.6 20.1122
9.6 19.8159
9.6 19.5286
9.6 19.2497
9.6 18.9796
9.6 18.7179
9.6 18.4648
9.6 18.22
9.6 17.9838
9.6 17.7559
9.6 17.5367
9.6 17.3259
9.6 17.1238
9.6 16.9305
9.6 16.746
9.6 16.5706
9.6 16.4042
9.6 16.2471
9.6 16.0992
9.6 15.9609
9.6 15.832
9.6 15.7127
9.6 15.603
9.6 15.5029
9.6 15.4123
9.6 15.3311
9.6 15.2592
9.6 15.1966
9.6 15.1427
9.6 15.0977
9.6 15.061
9.6 15.0325
9.6 15.0116
9.6 14.9981
9.6 14.9915
9.6 14.9914
9.6 14.9973
9.6 15.0088
9.6 15.0253
9.6 15.0464
9.6 15.0715
9.6 15.1003
9.6 15.132
9.6 15.1664
9.6 15.2028
9.6 15.241
9.6 15.2802
9.6 15.3202
9.6 15.3605
9.6 15.4009
9.6 15.4406
9.6 15.4797
9.6 15.5176
9.6 15.5542
9.6 15.589
9.6 15.622
9.6 15.6527
9.6 15.6811
9.6 15.707
9.6 15.7302
9.6 15.7506
9.6 15.7681
9.6 15.7826
9.6 15.7941
9.6 15.8024
9.6 15.8076
9.6 15.8096
9.6 15.8086
9.6 15.8044
9.6 15.7971
9.6 15.7867
9.6 15.7735
9.6 15.7572
9.6 15.7382
9.6 15.7163
9.6 15.6919
9.6 15.6648
9.6 15.6353
9.6 15.6033
9.6 15.5692
9.6 15.5329
9.6 15.4947
9.6 15.4544
9.6 15.4125
9.6 15.3688
9.6 15.3236
9.6 15.2769
9.6 15.229
9.6 15.1798
9.6 15.1297
9.6 15.0784
9.6 15.0264
9.6 14.9736
9.6 14.9202
9.6 14.8662
9.6 14.8119
9.6 14.7571
9.6 14.7022
9.6 14.6471
9.6 14.5921
9.6 14.537
9.6 14.4821
9.6 14.4274
9.6 14.3731
9.6 14.3192
9.6 14.2658
9.6 14.2128
9.6 14.1607
9.6 14.1091
9.6 14.0585
9.6 14.0086
9.6 13.9598
9.6 13.9119
9.6 13.8652
9.6 13.8196
9.6 13.7753
9.6 13.7322
9.6 13.6905
9.6 13.6502
9.6 13.6114
9.6 13.5741
9.6 13.5384
9.6 13.5042
9.6 13.4718
9.6 13.4409
9.6 13.4119
9.6 13.3846
9.6 13.3591
9.6 13.3354
9.6 13.3136
9.6 13.2935
9.6 13.2753
9.6 13.2588
9.6 13.2443
9.6 13.2314
9.6 13.2205
9.6 13.2112
9.6 13.2037
9.6 13.1978
9.6 13.1937
9.6 13.191
9.6 13.19
9.6 13.1904
9.6 13.1923
9.6 13.1954
9.6 13.1999
9.6 13.2055
9.6 13.2124
9.6 13.2202
9.6 13.229
9.6 13.2386
9.6 13.2491
9.6 13.2602
9.6 13.272
9.6 13.2842
9.6 13.297
9.6 13.3099
9.6 13.3233
9.6 13.3367
9.6 13.3502
9.6 13.3637
9.6 13.3771
9.6 13.3903
9.6 13.4033
9.6 13.416
9.6 13.4283
9.6 13.4401
9.6 13.4515
9.6 13.4622
9.6 13.4723
9.6 13.4818
9.6 13.4905
9.6 13.4984
9.6 13.5056
9.6 13.5119
9.6 13.5174
9.6 13.5219
9.6 13.5256
9.6 13.5283
9.6 13.5301
9.6 13.5309
9.6 13.5308
9.6 13.5297
9.6 13.5277
9.6 13.5246
9.6 13.5207
9.6 13.5158
9.6 13.5101
9.6 13.5034
9.6 13.4959
9.6 13.4874
9.6 13.4782
9.6 13.4681
9.6 13.4573
9.6 13.4457
9.6 13.4334
9.6 13.4203
9.6 13.4067
9.6 13.3924
9.6 13.3776
9.6 13.3622
9.6 13.3464
9.6 13.33
9.6 13.3133
9.6 13.2961
9.6 13.2786
9.6 13.2608
9.6 13.2428
9.6 13.2245
9.6 13.2061
9.6 13.1875
9.6 13.1689
9.6 13.1501
9.6 13.1314
9.6 13.1127
9.6 13.0941
9.6 13.0756
9.6 13.0572
9.6 13.039
9.6 13.0211
9.6 13.0033
9.6 12.9859
9.6 12.9688
9.6 12.9521
9.6 12.9358
9.6 12.9199
9.6 12.9044
9.6 12.8895
9.6 12.875
9.6 12.8611
9.6 12.8476
9.6 12.8348
9.6 12.8226
9.6 12.811
9.6 12.8
9.6 12.7897
9.6 12.78
9.6 12.7709
9.6 12.7626
9.6 12.7549
9.6 12.7478
9.6 12.7415
9.6 12.7358
9.6 12.7309
9.6 12.7265
9.6 12.7229
9.6 12.7199
9.6 12.7175
9.6 12.7158
9.6 12.7147
9.6 12.7141
9.6 12.7142
9.6 12.7148
9.6 12.7159
9.6 12.7176
9.6 12.7197
9.6 12.7223
9.6 12.7254
9.6 12.7288
9.6 12.7327
9.6 12.7369
9.6 12.7414
9.6 12.7462
9.6 12.7512
9.6 12.7565
9.6 12.762
9.6 12.7676
9.6 12.7734
9.6 12.7792
9.6 12.7852
9.6 12.7912
9.6 12.7972
9.6 12.8031
9.6 12.8091
9.6 12.8149
9.6 12.8206
9.6 12.8262
9.6 12.8317
9.6 12.837
9.6 12.8422
9.6 12.847
9.6 12.8517
9.6 12.8561
9.6 12.8603
9.6 12.8642
9.6 12.8679
9.6 12.8713
9.6 12.8744
9.6 12.8771
9.6 12.8797
9.6 12.8819
9.6 12.8838
9.6 12.8855
9.6 12.887
9.6 12.8882
9.6 12.8891
9.6 12.8899
9.6 12.8905
9.6 12.8909
9.6 12.8913
9.6 12.8915
9.6 12.8917
9.6 12.8918
9.6 12.892
9.6 12.8922
9.6 12.8926
9.6 12.8931
9.6 12.8939
9.6 12.8949
9.6 12.8963
9.6 12.898
9.6 12.9002
9.6 12.9029
9.6 12.9062
9.6 12.9101
9.6 12.9148
9.6 12.9202
9.6 12.9266
9.6 12.9338
9.6 12.942
9.6 12.9513
9.6 12.9618
9.6 12.9734
9.6 12.9864
9.6 13.0006
9.6 13.0163
9.6 13.0334
9.6 13.0521
9.6 13.0723
9.6 13.0942
9.6 13.1177
9.6 13.143
9.6 13.17
9.6 13.1987
9.6 13.2293
9.6 13.2616
9.6 13.2958
9.6 13.3318
9.6 13.3696
9.6 13.4093
9.6 13.4507
9.6 13.4938
9.6 13.5387
9.6 13.5852
9.6 13.6334
9.6 13.6831
9.6 13.7343
9.6 13.7869
9.6 13.8408
9.6 13.896
9.6 13.9522
9.6 14.0095
9.6 14.0677
9.6 14.1266
9.6 14.1862
9.6 14.2464
9.6 14.3069
9.6 14.3676
9.6 14.4284
9.6 14.4893
9.6 14.5498
9.6 14.6101
9.6 14.6698
9.6 14.7289
9.6 14.7872
9.6 14.8445
9.6 14.9007
9.6 14.9556
9.6 15.0092
9.6 15.0612
9.6 15.1115
9.6 15.16
9.6 15.2066
9.6 15.2512
9.6 15.2936
9.6 15.3337
9.6 15.3714
9.6 15.4067
9.6 15.4395
9.6 15.4696
9.6 15.497
9.6 15.5217
9.6 15.5436
9.6 15.5626
9.6 15.5787
9.6 15.592
9.6 15.6023
9.6 15.6096
9.6 15.614
9.6 15.6155
9.6 15.6141
9.6 15.6097
9.6 15.6025
9.6 15.5924
9.6 15.5796
9.6 15.5639
9.6 15.5456
9.6 15.5247
9.6 15.5011
9.6 15.4751
9.6 15.4466
9.6 15.4158
9.6 15.3827
9.6 15.3475
9.6 15.3101
9.6 15.2708
9.6 15.2296
9.6 15.1866
9.6 15.1419
9.6 15.0956
9.6 15.0479
9.6 14.9988
9.6 14.9484
9.6 14.8969
9.6 14.8444
9.6 14.7909
9.6 14.7367
9.6 14.6817
9.6 14.6262
9.6 14.5701
9.6 14.5137
9.6 14.4571
9.6 14.4003
9.6 14.3434
9.6 14.2866
9.6 14.23
9.6 14.1736
9.6 14.1175
9.6 14.0619
9.6 14.0069
9.6 13.9525
9.6 13.8988
9.6 13.8459
9.6 13.7938
9.6 13.7428
9.6 13.6927
9.6 13.6437
9.6 13.5959
9.6 13.5493
9.6 13.504
9.6 13.46
9.6 13.4174
9.6 13.3762
9.6 13.3364
9.6 13.2981
9.6 13.2614
9.6 13.2262
