120 32 -0 -0.0502655
121 29 0.0188496 -0.0439823
121 30 0.0125664 -0.0439823
121 31 0.00628319 -0.0439823
121 32 -0 -0.0439823
121 33 -0.00628319 -0.0439823
121 34 -0.0125664 -0.0439823
121 35 -0.0188496 -0.0439823
122 27 0.0314159 -0.0376991
122 28 0.0251327 -0.0376991
122 29 0.0188496 -0.0376991
122 30 0.0125664 -0.0376991
122 31 0.00628319 -0.0376991
122 32 -0 -0.0376991
122 33 -0.00628319 -0.0376991
122 34 -0.0125664 -0.0376991
122 35 -0.0188496 -0.0376991
122 36 -0.0251327 -0.0376991
122 37 -0.0314159 -0.0376991
123 26 0.0376991 -0.0314159
123 27 0.0314159 -0.0314159
123 28 0.0251327 -0.0314159
123 29 0.0188496 -0.0314159
123 30 0.0125664 -0.0314159
123 31 0.00628319 -0.0314159
123 32 -0 -0.0314159
123 33 -0.00628319 -0.0314159
123 34 -0.0125664 -0.0314159
123 35 -0.0188496 -0.0314159
123 36 -0.0251327 -0.0314159
123 37 -0.0314159 -0.0314159
123 38 -0.0376991 -0.0314159
124 26 0.0376991 -0.0251327
124 27 0.0314159 -0.0251327
124 28 0.0251327 -0.0251327
124 29 0.0188496 -0.0251327
124 30 0.0125664 -0.0251327
124 31 0.00628319 -0.0251327
124 32 -0 -0.0251327
124 33 -0.00628319 -0.0251327
124 34 -0.0125664 -0.0251327
124 35 -0.0188496 -0.0251327
124 36 -0.0251327 -0.0251327
124 37 -0.0314159 -0.0251327
124 38 -0.0376991 -0.0251327
125 25 0.0439823 -0.0188496
125 26 0.0376991 -0.0188496
125 27 0.0314159 -0.0188496
125 28 0.0251327 -0.0188496
125 29 0.0188496 -0.0188496
125 30 0.0125664 -0.0188496
125 31 0.00628319 -0.0188496
125 32 -0 -0.0188496
125 33 -0.00628319 -0.0188496
125 34 -0.0125664 -0.0188496
125 35 -0.0188496 -0.0188496
125 36 -0.0251327 -0.0188496
125 37 -0.0314159 -0.0188496
125 38 -0.0376991 -0.0188496
125 39 -0.0439823 -0.0188496
126 25 0.0439823 -0.0125664
126 26 0.0376991 -0.0125664
126 27 0.0314159 -0.0125664
126 28 0.0251327 -0.0125664
126 29 0.0188496 -0.0125664
126 30 0.0125664 -0.0125664
126 31 0.00628319 -0.0125664
126 32 -0 -0.0125664
126 33 -0.00628319 -0.0125664
126 34 -0.0125664 -0.0125664
126 35 -0.0188496 -0.0125664
126 36 -0.0251327 -0.0125664
126 37 -0.0314159 -0.0125664
126 38 -0.0376991 -0.0125664
126 39 -0.0439823 -0.0125664
127 25 0.0439823 -0.00628319
127 26 0.0376991 -0.00628319
127 27 0.0314159 -0.00628319
127 28 0.0251327 -0.00628319
127 29 0.0188496 -0.00628319
127 30 0.0125664 -0.00628319
127 31 0.00628319 -0.00628319
127 32 -0 -0.00628319
127 33 -0.00628319 -0.00628319
127 34 -0.0125664 -0.00628319
127 35 -0.0188496 -0.00628319
127 36 -0.0251327 -0.00628319
127 37 -0.0314159 -0.00628319
127 38 -0.0376991 -0.00628319
127 39 -0.0439823 -0.00628319
128 24 0.0502655 0
128 25 0.0439823 0
128 26 0.0376991 0
128 27 0.0314159 0
128 28 0.0251327 0
128 29 0.0188496 0
128 30 0.0125664 0
128 31 0.00628319 0
128 32 -0 0
128 33 -0.00628319 0
128 34 -0.0125664 0
128 35 -0.0188496 0
128 36 -0.0251327 0
128 37 -0.0314159 0
128 38 -0.0376991 0
128 39 -0.0439823 0
128 40 -0.0502655 0
129 25 0.0439823 0.00628319
129 26 0.0376991 0.00628319
129 27 0.0314159 0.00628319
129 28 0.0251327 0.00628319
129 29 0.0188496 0.00628319
129 30 0.0125664 0.00628319
129 31 0.00628319 0.00628319
129 32 -0 0.00628319
129 33 -0.00628319 0.00628319
129 34 -0.0125664 0.00628319
129 35 -0.0188496 0.00628319
129 36 -0.0251327 0.00628319
129 37 -0.0314159 0.00628319
129 38 -0.0376991 0.00628319
129 39 -0.0439823 0.00628319
130 25 0.0439823 0.0125664
130 26 0.0376991 0.0125664
130 27 0.0314159 0.0125664
130 28 0.0251327 0.0125664
130 29 0.0188496 0.0125664
130 30 0.0125664 0.0125664
130 31 0.00628319 0.0125664
130 32 -0 0.0125664
130 33 -0.00628319 0.0125664
130 34 -0.0125664 0.0125664
130 35 -0.0188496 0.0125664
130 36 -0.0251327 0.0125664
130 37 -0.0314159 0.0125664
130 38 -0.0376991 0.0125664
130 39 -0.0439823 0.0125664
131 25 0.0439823 0.0188496
131 26 0.0376991 0.0188496
131 27 0.0314159 0.0188496
131 28 0.0251327 0.0188496
131 29 0.0188496 0.0188496
131 30 0.0125664 0.0188496
131 31 0.00628319 0.0188496
131 32 -0 0.0188496
131 33 -0.00628319 0.0188496
131 34 -0.0125664 0.0188496
131 35 -0.0188496 0.0188496
131 36 -0.0251327 0.0188496
131 37 -0.0314159 0.0188496
131 38 -0.0376991 0.0188496
131 39 -0.0439823 0.0188496
132 26 0.0376991 0.0251327
132 27 0.0314159 0.0251327
132 28 0.0251327 0.0251327
132 29 0.0188496 0.0251327
132 30 0.0125664 0.0251327
132 31 0.00628319 0.0251327
132 32 -0 0.0251327
132 33 -0.00628319 0.0251327
132 34 -0.0125664 0.0251327
132 35 -0.0188496 0.0251327
132 36 -0.0251327 0.0251327
132 37 -0.0314159 0.0251327
132 38 -0.0376991 0.0251327
133 26 0.0376991 0.0314159
133 27 0.0314159 0.0314159
133 28 0.0251327 0.0314159
133 29 0.0188496 0.0314159
133 30 0.0125664 0.0314159
133 31 0.00628319 0.0314159
133 32 -0 0.0314159
133 33 -0.00628319 0.0314159
133 34 -0.0125664 0.0314159
133 35 -0.0188496 0.0314159
133 36 -0.0251327 0.0314159
133 37 -0.0314159 0.0314159
133 38 -0.0376991 0.0314159
134 27 0.0314159 0.0376991
134 28 0.0251327 0.0376991
134 29 0.0188496 0.0376991
134 30 0.0125664 0.0376991
134 31 0.00628319 0.0376991
134 32 -0 0.0376991
134 33 -0.00628319 0.0376991
134 34 -0.0125664 0.0376991
134 35 -0.0188496 0.0376991
134 36 -0.0251327 0.0376991
134 37 -0.0314159 0.0376991
135 29 0.0188496 0.0439823
135 30 0.0125664 0.0439823
135 31 0.00628319 0.0439823
135 32 -0 0.0439823
135 33 -0.00628319 0.0439823
135 34 -0.0125664 0.0439823
135 35 -0.0188496 0.0439823
136 32 -0 0.0502655
