0 0 4 0
0 4 4 0
0 8 4 0
0 12 4 0
0 16 4 0
0 20 4 2.76157e-16
0 24 4 0
0 28 4 0
0 32 4 0
0 36 4 0
0 40 4 0
0 44 4 0
0 48 4 0
0 52 4 -2.76157e-16
0 56 4 0
0 60 4 2.76157e-16

4 0 3.75663 2.63278e-06
4 4 3.75663 -5.76231e-06
4 8 3.75663 -1.32802e-05
4 12 3.75662 -1.87766e-05
4 16 3.75662 -2.14144e-05
4 20 3.75662 -2.07922e-05
4 24 3.75662 -1.70044e-05
4 28 3.75662 -1.06277e-05
4 32 3.75662 -2.63288e-06
4 36 3.75662 5.76279e-06
4 40 3.75662 1.3281e-05
4 44 3.75662 1.87771e-05
4 48 3.75663 2.14145e-05
4 52 3.75663 2.07917e-05
4 56 3.75663 1.70036e-05
4 60 3.75663 1.06271e-05

8 0 3.75676 5.08711e-06
8 4 3.75676 -1.12788e-05
8 8 3.75675 -2.59279e-05
8 12 3.75675 -3.66301e-05
8 16 3.75674 -4.17559e-05
8 20 3.75673 -4.05249e-05
8 24 3.75673 -3.3124e-05
8 28 3.75672 -2.068e-05
8 32 3.75672 -5.08733e-06
8 36 3.75672 1.12799e-05
8 40 3.75673 2.59296e-05
8 44 3.75674 3.66314e-05
8 48 3.75674 4.17561e-05
8 52 3.75675 4.05237e-05
8 56 3.75676 3.31223e-05
8 60 3.75676 2.06786e-05

12 0 3.75687 7.9497e-06
12 4 3.75687 -1.82173e-05
12 8 3.75686 -4.16114e-05
12 12 3.75685 -5.86713e-05
12 16 3.75683 -6.67997e-05
12 20 3.75682 -6.47585e-05
12 24 3.7568 -5.28579e-05
12 28 3.75679 -3.29094e-05
12 32 3.75679 -7.95011e-06
12 36 3.75679 1.82195e-05
12 40 3.7568 4.16149e-05
12 44 3.75682 5.8674e-05
12 48 3.75683 6.67999e-05
12 52 3.75685 6.47561e-05
12 56 3.75686 5.28542e-05
12 60 3.75687 3.29065e-05

16 0 3.75697 1.17161e-05
16 4 3.75697 -2.77173e-05
16 8 3.75695 -6.29321e-05
16 12 3.75693 -8.85677e-05
16 16 3.7569 -0.000100721
16 20 3.75687 -9.75404e-05
16 24 3.75685 -7.95093e-05
16 28 3.75683 -4.93719e-05
16 32 3.75682 -1.17169e-05
16 36 3.75682 2.77221e-05
16 40 3.75684 6.29395e-05
16 44 3.75686 8.85734e-05
16 48 3.75689 0.000100721
16 52 3.75692 9.75355e-05
16 56 3.75694 7.95016e-05
16 60 3.75696 4.9366e-05

20 0 3.75705 1.70196e-05
20 4 3.75705 -4.13151e-05
20 8 3.75703 -9.33622e-05
20 12 3.75699 -0.000131199
20 16 3.75694 -0.000149065
20 20 3.75689 -0.000144237
20 24 3.75685 -0.000117449
20 28 3.75682 -7.27761e-05
20 32 3.75681 -1.70212e-05
20 36 3.75681 4.13252e-05
20 40 3.75683 9.33781e-05
20 44 3.75687 0.000131211
20 48 3.75692 0.000149066
20 52 3.75697 0.000144227
20 56 3.75701 0.000117433
20 60 3.75704 7.27636e-05

24 0 3.75714 2.47313e-05
24 4 3.75713 -6.11865e-05
24 8 3.75709 -0.000137794
24 12 3.75703 -0.000193431
24 16 3.75696 -0.000219626
24 20 3.75688 -0.000212385
24 24 3.75681 -0.000172806
24 28 3.75676 -0.000106911
24 32 3.75674 -2.47345e-05
24 36 3.75675 6.12083e-05
24 40 3.75679 0.000137828
24 44 3.75685 0.000193457
24 48 3.75692 0.000219628
24 52 3.757 0.000212363
24 56 3.75707 0.000172771
24 60 3.75711 0.000106885

28 0 3.75723 3.60971e-05
28 4 3.75722 -9.04904e-05
28 8 3.75716 -0.000203312
28 12 3.75707 -0.000285197
28 16 3.75696 -0.000323675
28 20 3.75684 -0.000312879
28 24 3.75673 -0.000254439
28 28 3.75665 -0.000157247
28 32 3.75662 -3.61039e-05
28 36 3.75663 9.05375e-05
28 40 3.75669 0.000203385
28 44 3.75678 0.000285253
28 48 3.75689 0.000323682
28 52 3.75701 0.000312831
28 56 3.75712 0.000254365
28 60 3.7572 0.000157191

32 0 3.75736 5.29349e-05
32 4 3.75734 -0.000133866
32 8 3.75725 -0.000300309
32 12 3.75711 -0.000421067
32 16 3.75694 -0.000477748
32 20 3.75676 -0.000461699
32 24 3.7566 -0.000375339
32 28 3.75648 -0.000231802
32 32 3.75643 -5.29493e-05
32 36 3.75644 0.000133967
32 40 3.75653 0.000300467
32 44 3.75667 0.000421188
32 48 3.75684 0.000477761
32 52 3.75702 0.000461597
32 56 3.75719 0.00037518
32 60 3.7573 0.00023168

36 0 3.75754 7.79207e-05
36 4 3.75752 -0.000198161
36 8 3.75739 -0.000444122
36 12 3.75718 -0.000622543
36 16 3.75692 -0.000706244
36 20 3.75664 -0.000682433
36 24 3.7564 -0.00055468
36 28 3.75622 -0.000342408
36 32 3.75614 -7.79511e-05
36 36 3.75617 0.00019838
36 40 3.75629 0.000444461
36 44 3.75651 0.000622804
36 48 3.75677 0.000706274
36 52 3.75704 0.000682213
36 56 3.75728 0.00055434
36 60 3.75746 0.000342146

40 0 3.75783 0.00011501
40 4 3.7578 -0.000293504
40 8 3.75761 -0.000657437
40 12 3.75729 -0.000921438
40 16 3.7569 -0.00104528
40 20 3.75649 -0.00101
40 24 3.75612 -0.000820861
40 28 3.75586 -0.000506591
40 32 3.75574 -0.000115074
40 36 3.75577 0.000293975
40 40 3.75596 0.000658166
40 44 3.75628 0.000921999
40 48 3.75667 0.00104534
40 52 3.75708 0.00100953
40 56 3.75745 0.000820129
40 60 3.75771 0.000506028

44 0 3.75829 0.000170057
44 4 3.75824 -0.000434886
44 8 3.75795 -0.00097384
44 12 3.75748 -0.00136488
44 16 3.7569 -0.00154838
44 20 3.75628 -0.0014962
44 24 3.75574 -0.00121601
44 28 3.75534 -0.00075035
44 32 3.75516 -0.000170196
44 36 3.75521 0.000435899
44 40 3.7555 0.00097541
44 44 3.75597 0.00136608
44 48 3.75656 0.00154852
44 52 3.75717 0.00149518
44 56 3.75771 0.00121443
44 60 3.75811 0.000749139

48 0 3.759 0.000251738
48 4 3.75892 -0.000644485
48 8 3.7585 -0.00144306
48 12 3.7578 -0.00202268
48 16 3.75693 -0.00229492
48 20 3.75602 -0.00221785
48 24 3.7552 -0.00180266
48 28 3.75461 -0.0011123
48 32 3.75434 -0.000252035
48 36 3.75442 0.000646666
48 40 3.75484 0.00144644
48 44 3.75555 0.00202527
48 48 3.75642 0.00229521
48 52 3.75733 0.00221567
48 56 3.75814 0.00179928
48 60 3.75873 0.0011097

52 0 3.76009 0.000372902
52 4 3.75997 -0.000955095
52 8 3.75935 -0.0021387
52 12 3.75831 -0.00299828
52 16 3.75701 -0.00340261
52 20 3.75566 -0.00328907
52 24 3.75445 -0.00267379
52 28 3.75357 -0.00164986
52 32 3.75316 -0.000373541
52 36 3.75328 0.000959786
52 40 3.75391 0.00214597
52 44 3.75496 0.00300386
52 48 3.75625 0.00340323
52 52 3.75761 0.00328436
52 56 3.75881 0.0026665
52 60 3.75968 0.00164426

56 0 3.76175 0.000552579
56 4 3.76157 -0.00141512
56 8 3.76064 -0.00316956
56 12 3.7591 -0.00444483
56 16 3.75718 -0.00504604
56 20 3.75517 -0.00487935
56 24 3.75337 -0.00396764
56 28 3.75206 -0.00244849
56 32 3.75145 -0.000553955
56 36 3.75163 0.00142521
56 40 3.75257 0.00318519
56 44 3.75412 0.00445683
56 48 3.75605 0.00504736
56 52 3.75806 0.00486921
56 56 3.75985 0.00395196
56 60 3.76114 0.00243644

60 0 3.76424 0.000818927
60 4 3.76398 -0.00209589
60 8 3.76261 -0.00469629
60 12 3.76032 -0.00658896
60 16 3.75747 -0.00748416
60 20 3.75448 -0.00724066
60 24 3.75181 -0.00589017
60 28 3.74987 -0.00363562
60 32 3.74896 -0.000821901
60 36 3.74922 0.00211758
60 40 3.75062 0.00472988
60 44 3.75293 0.00661474
60 48 3.7558 0.00748698
60 52 3.75878 0.00721883
60 56 3.76143 0.00585642
60 60 3.76334 0.00360968

64 0 3.76796 0.00121357
64 4 3.76758 -0.00310211
64 8 3.76555 -0.00695551
64 12 3.76217 -0.00976554
64 16 3.75794 -0.011101
64 20 3.7535 -0.010748
64 24 3.74952 -0.00874868
64 28 3.74663 -0.00540165
64 32 3.74528 -0.00122002
64 36 3.74568 0.00314871
64 40 3.74776 0.00702771
64 44 3.7512 0.00982091
64 48 3.75546 0.011107
64 52 3.75988 0.0107009
64 56 3.7638 0.00867601
64 60 3.76664 0.0053458

68 0 3.7735 0.00179793
68 4 3.77294 -0.00458685
68 8 3.76994 -0.0102947
68 12 3.76494 -0.0144686
68 16 3.75867 -0.0164659
68 20 3.75207 -0.01596
68 24 3.74616 -0.0130029
68 28 3.74185 -0.00803208
68 32 3.73984 -0.00181198
68 36 3.74043 0.0046869
68 40 3.74354 0.0104498
68 44 3.74866 0.0145874
68 48 3.75499 0.0164784
68 52 3.76155 0.0158585
68 56 3.76735 0.0128463
68 60 3.77154 0.00791174

72 0 3.78169 0.0026624
72 4 3.78087 -0.00677229
72 8 3.77646 -0.0152215
72 12 3.76908 -0.0214248
72 16 3.7598 -0.0244226
72 20 3.75 -0.0237106
72 24 3.74118 -0.019343
72 28 3.73475 -0.011957
72 32 3.73174 -0.00269324
72 36 3.73263 0.00698688
72 40 3.73728 0.0155544
72 44 3.74492 0.0216796
72 48 3.75433 0.0244489
72 52 3.76405 0.0234917
72 56 3.77263 0.0190057
72 60 3.7788 0.0116976

76 0 3.79376 0.00393952
76 4 3.79258 -0.00997767
76 8 3.78612 -0.0224729
76 12 3.77525 -0.0316992
76 16 3.76152 -0.0362213
76 20 3.74695 -0.0352482
76 24 3.73379 -0.0288114
76 28 3.72416 -0.0178293
76 32 3.71965 -0.00400787
76 36 3.72101 0.0104372
76 40 3.72799 0.0231867
76 44 3.73941 0.0322449
76 48 3.75341 0.0362755
76 52 3.7678 0.0347752
76 56 3.78044 0.0280838
76 60 3.78952 0.0172691

80 0 3.81152 0.00582253
80 4 3.80982 -0.0146546
80 8 3.8004 -0.0331065
80 12 3.78446 -0.0468432
80 16 3.76418 -0.0537111
80 20 3.74252 -0.052448
80 24 3.72282 -0.0429934
80 28 3.70833 -0.0266497
80 32 3.70154 -0.00597606
80 36 3.70362 0.0156365
80 40 3.71416 0.0346346
80 44 3.73129 0.0480093
80 48 3.75214 0.0538209
80 52 3.77343 0.0514248
80 56 3.79202 0.0414226
80 60 3.80531 0.0254383

84 0 3.83754 0.00859075
84 4 3.83514 -0.0214271
84 8 3.8215 -0.0486168
84 12 3.79825 -0.0690955
84 16 3.76837 -0.0796232
84 20 3.73613 -0.0781413
84 24 3.70653 -0.0643281
84 28 3.68461 -0.0399769
84 32 3.67432 -0.00894182
84 36 3.67755 0.0235177
84 40 3.69358 0.0518802
84 44 3.7194 0.0715794
84 48 3.75051 0.0798385
84 52 3.78194 0.0759239
84 56 3.80915 0.0609325
84 60 3.82849 0.0373518

88 0 3.87547 0.0126429
88 4 3.87215 -0.0311237
88 8 3.85266 -0.0710609
88 12 3.81899 -0.101639
88 16 3.77514 -0.117975
88 20 3.72711 -0.11663
88 24 3.6824 -0.0966238
88 28 3.64895 -0.0602931
88 32 3.63321 -0.0134644
88 36 3.6383 0.0355516
88 40 3.66296 0.0780049
88 44 3.70214 0.106906
88 48 3.74863 0.118377
88 52 3.79493 0.111815
88 56 3.8345 0.0892729
88 60 3.86242 0.054587

92 0 3.93042 0.0185378
92 4 3.92601 -0.0447732
92 8 3.89861 -0.103151
92 12 3.85043 -0.14889
92 16 3.78645 -0.174627
92 20 3.71483 -0.174498
92 24 3.64682 -0.145947
92 28 3.59513 -0.0916756
92 32 3.5707 -0.0205143
92 36 3.57892 0.054072
92 40 3.61744 0.117841
92 44 3.67743 0.159978
92 48 3.74707 0.175314
92 52 3.81497 0.164024
92 56 3.87201 0.130012
92 60 3.9118 0.0792266

96 0 4.00924 0.0270386
96 4 4.00374 -0.0634909
96 8 3.96622 -0.148192
96 12 3.89852 -0.216697
96 16 3.806 -0.257987
96 20 3.69923 -0.261874
96 24 3.59478 -0.222199
96 28 3.51349 -0.141103
96 32 3.47479 -0.0319459
96 36 3.48848 0.0827515
96 40 3.54991 0.178982
96 44 3.64287 0.239788
96 48 3.74742 0.25896
96 52 3.84633 0.239083
96 56 3.9274 0.187635
96 60 3.98311 0.113831

100 0 4.12071 0.0391493
100 4 4.1146 -0.0881142
100 8 4.06526 -0.209582
100 12 3.97274 -0.312128
100 16 3.84104 -0.379624
100 20 3.68217 -0.394285
100 24 3.51984 -0.341923
100 28 3.38899 -0.221103
100 32 3.32585 -0.0517237
100 36 3.34943 0.127096
100 40 3.4501 0.273126
100 44 3.59633 0.359396
100 48 3.7535 0.380364
100 52 3.896 0.344857
100 56 4.00887 0.267094
100 60 4.08486 0.161145

104 0 4.27505 0.0561249
104 4 4.26992 -0.118355
104 8 4.20905 -0.289315
104 12 4.08813 -0.44192
104 16 3.9056 -0.553862
104 20 3.67091 -0.594719
104 24 3.41542 -0.533031
104 28 3.19838 -0.355121
104 32 3.09115 -0.0891991
104 36 3.13314 0.194114
104 40 3.30367 0.41705
104 44 3.53771 0.536025
104 48 3.7736 0.552124
104 52 3.97512 0.488806
104 56 4.12748 0.372307
104 60 4.22737 0.223278

108 0 4.48233 0.0794242
108 4 4.48166 -0.151223
108 8 4.41405 -0.384626
108 12 4.26718 -0.607607
108 16 4.02606 -0.793124
108 20 3.68623 -0.892868
108 24 3.28021 -0.840743
108 28 2.90741 -0.587476
108 32 2.71617 -0.167591
108 36 2.79243 0.287716
108 40 3.09186 0.629673
108 44 3.47261 0.78626
108 48 3.82346 0.782446
108 52 4.09995 0.672833
108 56 4.29654 0.502743
108 60 4.42135 0.300048

112 0 4.74884 0.110574
112 4 4.75877 -0.178797
112 8 4.69654 -0.482247
112 12 4.53877 -0.794414
112 16 4.24651 -1.09104
112 20 3.77778 -1.30812
112 24 3.13586 -1.32349
112 28 2.47407 -0.99496
112 32 2.11547 -0.343737
112 36 2.25095 0.387748
112 40 2.79308 0.912454
112 44 3.41758 1.10517
112 48 3.92737 1.05795
112 52 4.28933 0.882397
112 56 4.52799 0.647677
112 60 4.67425 0.386553

116 0 5.07132 0.15092
116 4 5.10036 -0.186465
116 8 5.06309 -0.552025
116 12 4.92596 -0.953979
116 16 4.61978 -1.38355
116 20 4.03454 -1.78168
116 24 3.06846 -1.97387
116 28 1.88718 -1.65304
116 32 1.19001 -0.7452
116 36 1.39761 0.367981
116 40 2.38361 1.1766
116 44 3.3962 1.40891
116 48 4.10514 1.31112
116 52 4.55233 1.07173
116 56 4.82333 0.780222
116 60 4.98369 0.471076

120 0 5.43055 0.201236
120 4 5.4868 -0.154367
120 8 5.49401 -0.546817
120 12 5.41418 -0.993842
120 16 5.15303 -1.50343
120 20 4.5199 -2.03961
120 24 3.20725 -2.42578
120 28 1.32584 -2.1945
120 32 0 -2.01062
120 36 0.0750175 -0.339121
120 40 1.79171 1.05803
120 44 3.37738 1.45742
120 48 4.32753 1.40008
120 52 4.86264 1.16045
120 56 5.15965 0.858454
120 60 5.32945 0.536084

124 0 5.78874 0.26099
124 4 5.87439 -0.0658644
124 8 5.92819 -0.42138
124 12 5.90925 -0.810117
124 16 5.70093 -1.21812
124 20 5.01912 -1.57368
124 24 3.1778 -1.56481
124 28 1.00531 -1.00531
124 32 0 -1.00531
124 36 -1.00531 -1.00531
124 40 0.481468 0.149666
124 44 3.14882 1.04371
124 48 4.47103 1.19258
124 52 5.13713 1.07576
124 56 5.48099 0.845014
124 60 5.6699 0.5655

128 0 6.09714 0.326906
128 4 6.20419 0.0772583
128 8 6.27618 -0.175723
128 12 6.25758 -0.402495
128 16 5.99149 -0.538187
128 20 5.11548 -0.462038
128 24 2.01062 0
128 28 1.00531 1.40799e-16
128 32 0 0
128 36 -1.00531 -1.40502e-16
128 40 -2.01062 1.40377e-16
128 44 2.77284 0.472129
128 48 4.42756 0.772438
128 52 5.27982 0.835692
128 56 5.7176 0.739695
128 60 5.95214 0.55557

132 0 6.31351 0.392324
132 4 6.42705 0.249833
132 8 6.47142 0.131444
132 12 6.36464 0.0956916
132 16 5.90518 0.230549
132 20 4.73136 0.61734
132 24 2.5439 1.01763
132 28 1.00531 1.00531
132 32 0 1.00531
132 36 -1.00531 1.00531
132 40 -0.250943 0.316449
132 44 2.44713 0.0872694
132 48 4.21876 0.347727
132 52 5.25479 0.536967
132 56 5.82393 0.581366
132 60 6.13321 0.516839

136 0 6.4175 0.449651
136 4 6.52468 0.41739
136 8 6.50775 0.422756
136 12 6.26647 0.526567
136 16 5.59978 0.782092
136 20 4.28452 1.15507
136 24 2.38838 1.42173
136 28 0.861074 1.45466
136 32 0 2.01062
136 36 -0.44634 1.0103
136 40 0.563536 0.127067
136 44 2.38116 -0.104604
136 48 3.98184 0.0528377
136 52 5.10838 0.277494
136 56 5.80049 0.420676
136 60 6.19686 0.46654

140 0 6.41341 0.493823
140 4 6.50953 0.55459
140 8 6.42592 0.649571
140 12 6.06756 0.821311
140 16 5.28568 1.07516
140 20 3.99354 1.32704
140 24 2.37455 1.40045
140 28 0.998067 1.20533
140 32 0.265166 0.864252
140 36 0.218871 0.425191
140 40 1.00273 -0.0478314
140 44 2.37342 -0.218436
140 48 3.77619 -0.114056
140 52 4.90492 0.0983726
140 56 5.67921 0.291556
140 60 6.15356 0.419241

144 0 6.32223 0.523657
144 4 6.41019 0.651554
144 8 6.27667 0.800238
144 12 5.84948 0.99016
144 16 5.04203 1.20016
144 20 3.85353 1.34662
144 24 2.48191 1.31379
144 28 1.31695 1.05828
144 32 0.674244 0.668916
144 36 0.664101 0.249512
144 40 1.29859 -0.0983495
144 44 2.39255 -0.245521
144 48 3.61302 -0.18364
144 52 4.69187 -0.000925577
144 56 5.5006 0.2061
144 60 6.02973 0.383141

148 0 6.17102 0.540798
148 4 6.25721 0.710292
148 8 6.09841 0.885392
148 12 5.64881 1.06968
148 16 4.87102 1.2334
148 20 3.808 1.30973
148 24 2.63958 1.22714
148 28 1.64835 0.970467
148 32 1.07728 0.604758
148 36 1.04184 0.224958
148 40 1.53958 -0.0750302
148 44 2.43334 -0.217079
148 48 3.49143 -0.188889
148 52 4.49322 -0.0397511
148 56 5.29783 0.160497
148 60 5.85528 0.360189

152 0 5.98499 0.548188
152 4 6.07558 0.738662
152 8 5.91357 0.922714
152 12 5.47475 1.0932
152 16 4.75436 1.22043
152 20 3.81424 1.25509
152 24 2.8094 1.15392
152 28 1.95489 0.914984
152 32 1.44159 0.588432
152 36 1.37445 0.251634
152 40 1.75744 -0.0168782
152 44 2.49172 -0.157987
152 48 3.4059 -0.155803
152 52 4.3187 -0.0381969
152 56 5.09278 0.145001
152 60 5.6557 0.348696

156 0 5.78385 0.548922
156 4 5.88288 0.745659
156 8 5.73326 0.928461
156 12 5.32538 1.08398
156 16 4.67371 1.18547
156 20 3.84591 1.19737
156 24 2.97416 1.09353
156 28 2.22852 0.87814
156 32 1.76268 0.591255
156 36 1.669 0.294743
156 40 1.95906 0.0528948
156 44 2.56275 -0.0855382
156 48 3.34974 -0.102373
156 52 4.17067 -0.0121772
156 56 4.89818 0.14981
156 60 5.44955 0.345811

160 0 5.5813 0.545655
160 4 5.6904 0.739017
160 8 5.56229 0.914929
160 12 5.19581 1.05672
160 16 4.61535 1.14098
160 20 3.88784 1.14181
160 24 3.12636 1.04331
160 28 2.46943 0.852345
160 32 2.04364 0.601669
160 36 1.93 0.341087
160 40 2.14558 0.123348
160 44 2.6413 -0.0100959
160 48 3.31659 -0.0401224
160 52 4.04801 0.0271695
160 56 4.72056 0.167155
160 60 5.24889 0.348865

164 0 5.386 0.5404
164 4 5.50491 0.724538
164 8 5.40243 0.890595
164 12 5.08138 1.0204
164 16 4.57007 1.09336
164 20 3.93152 1.09009
164 24 3.26309 1.00075
164 28 2.68018 0.83316
164 32 2.28912 0.61452
164 36 2.16132 0.385458
164 40 2.31729 0.189665
164 44 2.72328 0.0628448
164 48 3.30101 0.024064
164 52 3.94818 0.0726116
164 56 4.56256 0.191545
164 60 5.06081 0.355805

168 0 5.20296 0.534559
168 4 5.33016 0.70623
168 8 5.25404 0.861015
168 12 4.97846 0.980344
168 16 4.532 1.04589
168 20 3.9723 1.04249
168 24 3.38366 0.963893
168 28 2.86385 0.8179
168 32 2.50363 0.627355
168 36 2.36642 0.425842
168 40 2.47465 0.249948
168 44 2.8058 0.130651
168 48 3.29865 0.0863495
168 52 3.86823 0.119719
168 56 4.42455 0.219368
168 60 4.88891 0.365198

172 0 5.03467 0.529031
172 4 5.16805 0.686712
172 8 5.11691 0.829699
172 12 4.88452 0.939729
172 16 4.49757 1.00025
172 20 4.0078 0.998857
172 24 3.48847 0.931313
172 28 3.02345 0.804918
172 32 2.69117 0.638981
172 36 2.54835 0.461584
172 40 2.61835 0.30367
172 44 2.88693 0.192266
172 48 3.30612 0.144764
172 52 3.80527 0.16592
172 56 4.30566 0.248362
172 60 4.73456 0.376083

176 0 4.88205 0.524343
176 4 5.01927 0.667603
176 8 4.99061 0.798794
176 12 4.79784 0.900391
176 16 4.46473 0.95728
176 20 4.03702 0.958874
176 24 3.57848 0.902007
176 28 3.1617 0.793209
176 32 2.85513 0.648856
176 36 2.70977 0.492639
176 40 2.74922 0.350949
176 44 2.96541 0.24747
176 48 3.32082 0.198433
176 52 3.75664 0.209814
176 56 4.20436 0.277166
176 60 4.59775 0.387828

180 0 4.74501 0.520761
180 4 4.88382 0.649842
180 8 4.8746 0.76955
180 12 4.71734 0.863361
180 16 4.43242 0.917381
180 20 4.05977 0.922244
180 24 3.65493 0.875298
180 28 3.28109 0.782181
180 32 2.99841 0.656789
180 36 2.85297 0.519238
180 40 2.86814 0.392189
180 44 3.04047 0.29647
180 48 3.34074 0.247098
180 52 3.72 0.250712
180 56 4.11888 0.304992
180 60 4.47767 0.400011

184 0 4.62292 0.518373
184 4 4.76126 0.633918
184 8 4.76833 0.742645
184 12 4.64232 0.829176
184 16 4.40014 0.880698
184 20 4.07631 0.888705
184 24 3.71913 0.850735
184 28 3.38382 0.771507
184 32 3.12351 0.662792
184 36 2.97995 0.541742
184 40 2.97599 0.427914
184 44 3.11163 0.339675
184 48 3.3643 0.290842
184 52 3.69334 0.288342
184 56 4.0474 0.331409
184 60 4.3731 0.412343

188 0 4.51479 0.517158
188 4 4.65092 0.620032
188 8 4.67125 0.71839
188 12 4.57233 0.798064
188 16 4.3678 0.847231
188 20 4.08719 0.858035
188 24 3.77243 0.828026
188 28 3.47185 0.761032
188 32 3.23257 0.666991
188 36 3.09245 0.560561
188 40 3.07362 0.45868
188 44 3.17864 0.37758
188 48 3.3903 0.32992
188 52 3.67489 0.322672
188 56 3.98816 0.356202
188 60 4.28264 0.424622

192 0 4.41952 0.517027
192 4 4.55199 0.608206
192 8 4.58278 0.696866
192 12 4.50707 0.770062
192 16 4.33548 0.816899
192 20 4.09307 0.830045
192 24 3.81611 0.806983
192 28 3.54697 0.75071
192 32 3.32747 0.669574
192 36 3.19201 0.576116
192 40 3.16182 0.485037
192 44 3.24137 0.410702
192 48 3.41777 0.364672
192 52 3.66317 0.353807
192 56 3.93953 0.379287
192 60 4.20483 0.436699

196 0 4.33593 0.517859
196 4 4.4636 0.59835
196 8 4.50238 0.678011
196 12 4.44631 0.745089
196 16 4.3034 0.789564
196 20 4.09466 0.804564
196 24 3.85141 0.787477
196 28 3.61076 0.740552
196 32 3.40987 0.670756
196 36 3.28 0.588813
196 40 3.24136 0.507502
196 44 3.2998 0.439543
196 48 3.44596 0.395471
196 52 3.65689 0.381923
196 56 3.9 0.400659
196 60 4.13827 0.448466

200 0 4.26287 0.519515
200 4 4.38489 0.590319
200 8 4.42948 0.661681
200 12 4.38988 0.722989
200 16 4.27177 0.765057
200 20 4.09266 0.781434
200 24 3.87946 0.76942
200 28 3.66465 0.730603
200 32 3.48124 0.670756
200 36 3.35762 0.599036
200 40 3.31294 0.526555
200 44 3.35401 0.46458
200 48 3.47428 0.422689
200 52 3.65498 0.407227
200 56 3.86827 0.420361
200 60 4.08162 0.459845

204 0 4.19923 0.521856
204 4 4.31499 0.583932
204 8 4.36357 0.647681
204 12 4.3376 0.703566
204 16 4.24086 0.743189
204 20 4.08773 0.760502
204 24 3.90129 0.752739
204 28 3.7099 0.720919
204 32 3.54289 0.669784
204 36 3.42599 0.607135
204 40 3.37724 0.542632
204 44 3.40409 0.486252
204 48 3.50227 0.446684
204 52 3.65653 0.429944
204 56 3.84315 0.438461
204 60 4.03366 0.470776

208 0 4.144 0.524747
208 4 4.25309 0.579
208 8 4.3041 0.635795
208 12 4.28932 0.6866
208 16 4.21087 0.723758
208 20 4.08049 0.741613
208 24 3.91785 0.737366
208 28 3.74767 0.711554
208 32 3.59599 0.66803
208 36 3.48609 0.613423
208 40 3.43488 0.556122
208 44 3.45019 0.504957
208 48 3.52958 0.467793
208 52 3.66077 0.450291
208 56 3.82361 0.455044
208 60 3.99326 0.481218

212 0 4.09622 0.528061
212 4 4.19842 0.575331
212 8 4.2506 0.625801
212 12 4.24486 0.671862
212 16 4.18201 0.70656
212 20 4.07147 0.724617
212 24 3.92995 0.723237
212 28 3.77897 0.702556
212 32 3.64157 0.665667
212 36 3.53881 0.618181
212 40 3.48645 0.567375
212 44 3.49249 0.521053
212 48 3.55596 0.486324
212 52 3.66706 0.468482
212 56 3.80876 0.470199
212 60 3.95944 0.491141

216 0 4.05503 0.531685
216 4 4.15026 0.572744
216 8 4.20258 0.617478
216 12 4.20406 0.659127
216 16 4.15443 0.691391
216 20 4.06116 0.709365
216 24 3.93836 0.710285
216 28 3.80471 0.693962
216 32 3.68058 0.662841
216 36 3.58496 0.621653
216 40 3.53249 0.576696
216 44 3.53119 0.534862
216 48 3.58121 0.502559
216 52 3.67487 0.484713
216 56 3.79782 0.484015
216 60 3.9313 0.500524

220 0 4.01966 0.535515
220 4 4.10796 0.571067
220 8 4.15959 0.610617
220 12 4.16672 0.648176
220 16 4.12824 0.678054
220 20 4.04995 0.695712
220 24 3.94371 0.698443
220 28 3.82568 0.6858
220 32 3.71383 0.65968
220 36 3.62526 0.624052
220 40 3.57351 0.584357
220 44 3.56647 0.546668
220 48 3.60521 0.516751
220 52 3.68376 0.499169
220 56 3.79012 0.496583
220 60 3.90807 0.509357

224 0 3.98939 0.539462
224 4 4.07091 0.570147
224 8 4.12121 0.605023
224 12 4.13268 0.638804
224 16 4.10354 0.666364
224 20 4.03821 0.683518
224 24 3.94658 0.687642
224 28 3.84259 0.678088
224 32 3.74208 0.656292
224 36 3.66039 0.625564
224 40 3.60998 0.590593
224 44 3.59857 0.556722
224 48 3.62786 0.529128
224 52 3.69338 0.512018
224 56 3.7851 0.507988
224 60 3.88904 0.517632

228 0 3.96361 0.54345
228 4 4.03855 0.569843
228 8 4.08705 0.600518
228 12 4.10174 0.630819
228 16 4.08039 0.656147
228 20 4.02622 0.672651
228 24 3.94745 0.677813
228 28 3.85607 0.670835
228 32 3.76598 0.652765
228 36 3.69092 0.626348
228 40 3.64235 0.595612
228 44 3.62768 0.565249
228 48 3.64913 0.539894
228 52 3.70342 0.523414
228 56 3.78225 0.518312
228 60 3.87362 0.525352

232 0 3.94176 0.547413
232 4 4.01038 0.570033
232 8 4.05671 0.596941
232 12 4.07372 0.62405
232 16 4.0588 0.647241
232 20 4.01422 0.662988
232 24 3.94675 0.668892
232 28 3.86665 0.664044
232 32 3.7861 0.649175
232 36 3.7174 0.626543
232 40 3.67102 0.599596
232 44 3.65402 0.572445
232 48 3.669 0.549233
232 52 3.71365 0.533498
232 56 3.78118 0.527633
232 60 3.86128 0.532522

236 0 3.92333 0.5513
236 4 3.98594 0.570612
236 8 4.02987 0.594151
236 12 4.04842 0.618339
236 16 4.03879 0.6395
236 20 4.00241 0.654415
236 24 3.94483 0.660813
236 28 3.8748 0.657714
236 32 3.80298 0.645584
236 36 3.74032 0.626266
236 40 3.69636 0.602703
236 44 3.6778 0.578486
236 48 3.68748 0.55731
236 52 3.7239 0.5424
236 56 3.78152 0.536026
236 60 3.85155 0.539154

240 0 3.90789 0.555068
240 4 3.96483 0.571488
240 8 4.00619 0.592022
240 12 4.02567 0.613548
240 16 4.02032 0.632791
240 20 3.99094 0.646826
240 24 3.942 0.653515
240 28 3.88095 0.651836
240 32 3.81707 0.642042
240 36 3.7601 0.625619
240 40 3.71871 0.60507
240 44 3.69922 0.583526
240 48 3.7046 0.564271
240 52 3.73401 0.550238
240 56 3.78297 0.543564
240 60 3.84403 0.545262

244 0 3.89505 0.558686
244 4 3.94666 0.572585
244 8 3.98536 0.590446
244 12 4.00528 0.609551
244 16 4.00337 0.626995
244 20 3.97993 0.640124
244 24 3.93852 0.64694
244 28 3.88543 0.646401
244 32 3.82876 0.638589
244 36 3.77713 0.624689
244 40 3.73841 0.60682
244 44 3.71849 0.587702
244 48 3.72041 0.570249
244 52 3.74387 0.557121
244 56 3.7853 0.550315
244 60 3.83839 0.550865

248 0 3.88446 0.562132
248 4 3.93109 0.573839
248 8 3.96712 0.589328
248 12 3.98707 0.60624
248 16 3.98789 0.622004
248 20 3.96946 0.634221
248 24 3.93458 0.64103
248 28 3.88857 0.641394
248 32 3.83841 0.635256
248 36 3.79176 0.623549
248 40 3.75572 0.608055
248 44 3.73577 0.591134
248 48 3.73496 0.575365
248 52 3.7534 0.563148
248 56 3.78829 0.556344
248 60 3.83431 0.555988

252 0 3.87581 0.565388
252 4 3.91783 0.575197
252 8 3.95121 0.588586
252 12 3.97086 0.603519
252 16 3.97381 0.617722
252 20 3.95959 0.629034
252 24 3.93038 0.635734
252 28 3.89061 0.6368
252 32 3.84634 0.632069
252 36 3.80431 0.622261
252 40 3.77092 0.608868
252 44 3.75126 0.593931
252 48 3.74832 0.579723
252 52 3.76254 0.56841
252 56 3.79177 0.561714
252 60 3.83154 0.560653

256 0 3.86883 0.568446
256 4 3.90658 0.576615
256 8 3.93737 0.588152
256 12 3.9565 0.601301
256 16 3.96107 0.614061
256 20 3.95037 0.62449
256 24 3.92604 0.631
256 28 3.89177 0.632599
256 32 3.8528 0.629044
256 36 3.81504 0.620876
256 40 3.78425 0.609337
256 44 3.76511 0.596184
256 48 3.76055 0.583422
256 52 3.77125 0.572992
256 56 3.79559 0.566484
256 60 3.82985 0.564888

260 0 3.86329 0.571301
260 4 3.89712 0.57806
260 8 3.92539 0.587967
260 12 3.94382 0.599515
260 16 3.94958 0.610946
260 20 3.9418 0.62052
260 24 3.92168 0.62678
260 28 3.89226 0.628773
260 32 3.85802 0.626194
260 36 3.82419 0.619436
260 40 3.79591 0.609528
260 44 3.77749 0.597978
260 48 3.77173 0.586545
260 52 3.7795 0.57697
260 56 3.79963 0.570711
260 60 3.82906 0.568721

264 0 3.85897 0.573955
264 4 3.8892 0.579503
264 8 3.91507 0.58798
264 12 3.93266 0.598094
264 16 3.93927 0.608307
264 20 3.9339 0.617063
264 24 3.91738 0.623031
264 28 3.89221 0.6253
264 32 3.86222 0.623526
264 36 3.83199 0.617978
264 40 3.80611 0.609501
264 44 3.78852 0.599385
264 48 3.78191 0.589171
264 52 3.78728 0.580414
264 56 3.80381 0.574448
264 60 3.82898 0.572179

268 0 3.85568 0.57641
268 4 3.88263 0.580924
268 8 3.90623 0.588149
268 12 3.92288 0.596984
268 16 3.93005 0.606084
268 20 3.92666 0.614064
268 24 3.91321 0.619709
268 28 3.89175 0.62216
268 32 3.86556 0.621043
268 36 3.83861 0.616529
268 40 3.81501 0.609304
268 44 3.79835 0.600469
268 48 3.79118 0.591368
268 52 3.79458 0.583388
268 56 3.80803 0.577743
268 60 3.82948 0.575292

272 0 3.85327 0.578672
272 4 3.87723 0.582308
272 8 3.89868 0.58844
272 12 3.91435 0.596135
272 16 3.92185 0.604223
272 20 3.92005 0.611471
272 24 3.90922 0.616776
272 28 3.891 0.619331
272 32 3.86818 0.618747
272 36 3.84422 0.615112
272 40 3.82277 0.60898
272 44 3.8071 0.601284
272 48 3.79959 0.593196
272 52 3.80139 0.585948
272 56 3.81223 0.580642
272 60 3.83044 0.578088

276 0 3.85159 0.580751
276 4 3.87284 0.583642
276 8 3.89227 0.588823
276 12 3.90693 0.595507
276 16 3.91458 0.602676
276 20 3.91405 0.609239
276 24 3.90544 0.614196
276 28 3.89004 0.616793
276 32 3.87021 0.616634
276 36 3.84896 0.613744
276 40 3.82952 0.608562
276 44 3.81487 0.601878
276 48 3.80722 0.594709
276 52 3.80774 0.588146
276 56 3.81636 0.583189
276 60 3.83176 0.580592

280 0 3.85051 0.582656
280 4 3.86931 0.584918
280 8 3.88687 0.589275
280 12 3.9005 0.595063
280 16 3.90815 0.601402
280 20 3.90863 0.607326
280 24 3.90188 0.611934
280 28 3.88893 0.614523
280 32 3.87175 0.6147
280 36 3.85295 0.612438
280 40 3.83539 0.608081
280 44 3.82175 0.602293
280 48 3.81411 0.595954
280 52 3.81363 0.59003
280 56 3.82038 0.585422
280 60 3.83333 0.582833

284 0 3.84993 0.584396
284 4 3.86652 0.586131
284 8 3.88234 0.589775
284 12 3.89496 0.594773
284 16 3.90248 0.600363
284 20 3.90375 0.605696
284 24 3.89857 0.609958
284 28 3.88773 0.612502
284 32 3.87289 0.61294
284 36 3.85629 0.611205
284 40 3.84048 0.607561
284 44 3.82785 0.602563
284 48 3.82033 0.596972
284 52 3.81907 0.59164
284 56 3.82425 0.587377
284 60 3.83509 0.584833

288 0 3.84975 0.585982
288 4 3.86435 0.587278
288 8 3.87856 0.590307
288 12 3.8902 0.594608
288 16 3.89751 0.599527
288 20 3.89937 0.604314
288 24 3.89549 0.608241
288 28 3.88648 0.610709
288 32 3.8737 0.611344
288 36 3.85909 0.610048
288 40 3.84488 0.607019
288 44 3.83324 0.602718
288 48 3.82593 0.5978
288 52 3.82408 0.593012
288 56 3.82795 0.589086
288 60 3.83696 0.586617

292 0 3.84988 0.587426
292 4 3.86271 0.588357
292 8 3.87543 0.590858
292 12 3.88613 0.594548
292 16 3.89315 0.598864
292 20 3.89545 0.60315
292 24 3.89266 0.606753
292 28 3.88521 0.609125
292 32 3.87423 0.609904
292 36 3.86141 0.608973
292 40 3.84868 0.606472
292 44 3.83799 0.602782
292 48 3.83096 0.598466
292 52 3.82867 0.59418
292 56 3.83146 0.590577
292 60 3.83891 0.588205

296 0 3.85025 0.588736
296 4 3.86149 0.589368
296 8 3.87286 0.591417
296 12 3.88264 0.59457
296 16 3.88934 0.598348
296 20 3.89194 0.602176
296 24 3.89004 0.60547
296 28 3.88394 0.60773
296 32 3.87455 0.608611
296 36 3.86332 0.607979
296 40 3.85194 0.60593
296 44 3.84216 0.602776
296 48 3.83546 0.598998
296 52 3.83286 0.59517
296 56 3.83476 0.591876
296 60 3.84087 0.589616

300 0 3.85081 0.589922
300 4 3.86062 0.59031
300 8 3.87076 0.591973
300 12 3.87968 0.594658
300 16 3.88602 0.597957
300 20 3.88882 0.601367
300 24 3.88764 0.604369
300 28 3.88268 0.606506
300 32 3.87468 0.607453
300 36 3.86487 0.607065
300 40 3.85473 0.605402
300 44 3.84581 0.602716
300 48 3.83947 0.599418
300 52 3.83667 0.596008
300 56 3.83784 0.593006
300 60 3.84281 0.590869

304 0 3.85149 0.590994
304 4 3.86004 0.591184
304 8 3.86905 0.59252
304 12 3.87716 0.594797
304 16 3.88312 0.59767
304 20 3.88603 0.6007
304 24 3.88544 0.603427
304 28 3.88145 0.605435
304 32 3.87466 0.606419
304 36 3.86611 0.606228
304 40 3.8571 0.604893
304 44 3.84899 0.602615
304 48 3.84303 0.599743
304 52 3.84012 0.596712
304 56 3.84071 0.593986
304 60 3.8447 0.591978

308 0 3.85225 0.591959
308 4 3.85968 0.591992
308 8 3.86767 0.593051
308 12 3.87501 0.594974
308 16 3.88058 0.597468
308 20 3.88354 0.600155
308 24 3.88342 0.602624
308 28 3.88025 0.6045
308 32 3.87452 0.605498
308 36 3.86708 0.605465
308 40 3.85909 0.604406
308 44 3.85175 0.602484
308 48 3.84618 0.599989
308 52 3.84323 0.597303
308 56 3.84334 0.594833
308 60 3.84651 0.592957

312 0 3.85305 0.592826
312 4 3.85948 0.592735
312 8 3.86656 0.593561
312 12 3.87319 0.595176
312 16 3.87837 0.597336
312 20 3.88131 0.599712
312 24 3.88156 0.601942
312 28 3.87908 0.603686
312 32 3.87426 0.604679
312 36 3.86782 0.60477
312 40 3.86075 0.603945
312 44 3.85412 0.60233
312 48 3.84894 0.600169
312 52 3.846 0.597794
312 56 3.84575 0.595564
312 60 3.84822 0.593819

316 0 3.85386 0.593602
316 4 3.85942 0.593415
316 8 3.86566 0.594045
316 12 3.87163 0.595395
316 16 3.87642 0.59726
316 20 3.87931 0.599357
316 24 3.87984 0.601364
316 28 3.87795 0.602978
316 32 3.87392 0.603953
316 36 3.86835 0.604139
316 40 3.86211 0.60351
316 44 3.85614 0.602159
316 48 3.85135 0.600294
316 52 3.84847 0.598198
316 56 3.84793 0.59619
316 60 3.84982 0.594576

320 0 3.85465 0.594293
320 4 3.85944 0.594034
320 8 3.86493 0.594501
320 12 3.87029 0.595623
320 16 3.87471 0.597228
320 20 3.8775 0.599073
320 24 3.87825 0.600876
320 28 3.87685 0.602363
320 32 3.87349 0.603308
320 36 3.8687 0.603566
320 40 3.86321 0.603099
320 44 3.85785 0.601978
320 48 3.85343 0.600372
320 52 3.85064 0.598528
320 56 3.84989 0.596724
320 60 3.8513 0.595237

324 0 3.8554 0.594905
324 4 3.85951 0.594594
324 8 3.86433 0.594927
324 12 3.86913 0.595852
324 16 3.87319 0.59723
324 20 3.87587 0.598849
324 24 3.87678 0.600464
324 28 3.87577 0.601829
324 32 3.873 0.602736
324 36 3.86889 0.603047
324 40 3.86407 0.602714
324 44 3.85927 0.601789
324 48 3.85521 0.600411
324 52 3.85253 0.598792
324 56 3.85162 0.597177
324 60 3.85263 0.595812

328 0 3.85609 0.595446
328 4 3.85961 0.595099
328 8 3.86383 0.595321
328 12 3.86812 0.596078
328 16 3.87182 0.597256
328 20 3.87438 0.598674
328 24 3.87539 0.600116
328 28 3.87471 0.601364
328 32 3.87244 0.602228
328 36 3.86893 0.602575
328 40 3.86471 0.602352
328 44 3.86042 0.601595
328 48 3.85672 0.600418
328 52 3.85416 0.599
328 56 3.85315 0.597557
328 60 3.85383 0.596309

332 0 3.85672 0.59592
332 4 3.85971 0.59555
332 8 3.86339 0.595683
332 12 3.86722 0.596297
332 16 3.87059 0.597299
332 20 3.873 0.598538
332 24 3.87409 0.599823
332 28 3.87368 0.600961
332 32 3.87184 0.601776
332 36 3.86884 0.602146
332 40 3.86516 0.602014
332 44 3.86133 0.6014
332 48 3.85796 0.600397
332 52 3.85555 0.599159
332 56 3.85447 0.597873
332 60 3.85487 0.596736

336 0 3.85725 0.596335
336 4 3.85979 0.595953
336 8 3.863 0.596012
336 12 3.8664 0.596505
336 16 3.86946 0.597355
336 20 3.87173 0.598434
336 24 3.87285 0.599576
336 28 3.87265 0.600609
336 32 3.87118 0.601375
336 36 3.86864 0.601757
336 40 3.86543 0.601697
336 44 3.86203 0.601205
336 48 3.85897 0.600354
336 52 3.8567 0.599276
336 56 3.85558 0.598133
336 60 3.85578 0.5971

340 0 3.8577 0.596694
340 4 3.85985 0.596309
340 8 3.86263 0.596311
340 12 3.86564 0.5967
340 16 3.86842 0.597418
340 20 3.87053 0.598355
340 24 3.87166 0.599368
340 28 3.87164 0.600303
340 32 3.87047 0.601018
340 36 3.86833 0.601403
340 40 3.86554 0.601401
340 44 3.86253 0.601012
340 48 3.85976 0.600294
340 52 3.85765 0.599357
340 56 3.85651 0.598344
340 60 3.85653 0.597409

344 0 3.85806 0.597005
344 4 3.85986 0.596622
344 8 3.86227 0.596579
344 12 3.86493 0.596882
344 16 3.86743 0.597485
344 20 3.86939 0.598296
344 24 3.87052 0.599192
344 28 3.87063 0.600036
344 32 3.86972 0.6007
344 36 3.86792 0.601082
344 40 3.86551 0.601125
344 44 3.86285 0.600822
344 48 3.86035 0.600219
344 52 3.85838 0.599408
344 56 3.85726 0.598513
344 60 3.85715 0.597669

348 0 3.85831 0.597272
348 4 3.85982 0.596898
348 8 3.8619 0.59682
348 12 3.86424 0.597051
348 16 3.86649 0.597554
348 20 3.86831 0.598254
348 24 3.86941 0.599044
348 28 3.86963 0.599804
348 32 3.86893 0.600417
348 36 3.86743 0.600791
348 40 3.86535 0.600869
348 44 3.863 0.600639
348 48 3.86075 0.600135
348 52 3.85894 0.599435
348 56 3.85784 0.598645
348 60 3.85762 0.597885

352 0 3.85847 0.5975
352 4 3.85972 0.597138
352 8 3.86151 0.597035
352 12 3.86357 0.597205
352 16 3.86559 0.597623
352 20 3.86726 0.598225
352 24 3.86832 0.59892
352 28 3.86862 0.599602
352 32 3.86811 0.600167
352 36 3.86686 0.600528
352 40 3.86507 0.600632
352 44 3.863 0.600462
352 48 3.86099 0.600043
352 52 3.85932 0.599441
352 56 3.85825 0.598746
352 60 3.85795 0.598065

356 0 3.85853 0.597694
356 4 3.85955 0.597348
356 8 3.86109 0.597226
356 12 3.8629 0.597346
356 16 3.86471 0.597691
356 20 3.86624 0.598207
356 24 3.86726 0.598817
356 28 3.86761 0.599427
356 32 3.86725 0.599945
356 36 3.86622 0.600291
356 40 3.86468 0.600413
356 44 3.86287 0.600293
356 48 3.86106 0.599948
356 52 3.85954 0.599432
356 56 3.85852 0.598822
356 60 3.85816 0.598212

360 0 3.85849 0.59786
360 4 3.85933 0.597531
360 8 3.86064 0.597396
360 12 3.86222 0.597475
360 16 3.86383 0.597757
360 20 3.86523 0.598198
360 24 3.8662 0.598732
360 28 3.86659 0.599276
360 32 3.86635 0.599749
360 36 3.86551 0.600077
360 40 3.8642 0.600212
360 44 3.86262 0.600133
360 48 3.861 0.599851
360 52 3.85961 0.59941
360 56 3.85864 0.598877
360 60 3.85824 0.598332

364 0 3.85835 0.598
364 4 3.85903 0.59769
364 8 3.86015 0.597547
364 12 3.86153 0.597593
364 16 3.86297 0.597821
364 20 3.86424 0.598197
364 24 3.86515 0.598662
364 28 3.86557 0.599147
364 32 3.86543 0.599577
364 36 3.86475 0.599887
364 40 3.86363 0.600029
364 44 3.86225 0.599983
364 48 3.86081 0.599755
364 52 3.85954 0.59938
364 56 3.85863 0.598914
364 60 3.85821 0.59843

368 0 3.85813 0.598119
368 4 3.85868 0.597828
368 8 3.85962 0.597681
368 12 3.86082 0.597701
368 16 3.8621 0.597883
368 20 3.86325 0.598201
368 24 3.86411 0.598606
368 28 3.86454 0.599036
368 32 3.86448 0.599426
368 36 3.86393 0.599717
368 40 3.86299 0.599864
368 44 3.86178 0.599844
368 48 3.86051 0.599662
368 52 3.85936 0.599344
368 56 3.8585 0.598939
368 60 3.85807 0.598509

372 0 3.85782 0.598219
372 4 3.85825 0.597949
372 8 3.85905 0.597801
372 12 3.86009 0.597799
372 16 3.86122 0.597943
372 20 3.86226 0.598211
372 24 3.86306 0.598563
372 28 3.8635 0.598944
372 32 3.8635 0.599296
372 36 3.86307 0.599567
372 40 3.86227 0.599714
372 44 3.86123 0.599716
372 48 3.8601 0.599572
372 52 3.85906 0.599304
372 56 3.85826 0.598953
372 60 3.85783 0.598572

376 0 3.85744 0.598305
376 4 3.85777 0.598054
376 8 3.85844 0.597908
376 12 3.85934 0.597889
376 16 3.86034 0.598001
376 20 3.86128 0.598226
376 24 3.86202 0.59853
376 28 3.86245 0.598866
376 32 3.8625 0.599184
376 36 3.86217 0.599435
376 40 3.8615 0.599581
376 44 3.8606 0.599599
376 48 3.8596 0.599488
376 52 3.85866 0.599263
376 56 3.85792 0.598959
376 60 3.85749 0.598623

380 0 3.85699 0.598377
380 4 3.85724 0.598145
380 8 3.8578 0.598003
380 12 3.85857 0.597972
380 16 3.85945 0.598056
380 20 3.8603 0.598244
380 24 3.86098 0.598506
380 28 3.8614 0.598802
380 32 3.86149 0.599088
380 36 3.86124 0.59932
380 40 3.86068 0.599462
380 44 3.85991 0.599493
380 48 3.85903 0.599409
380 52 3.85818 0.599221
380 56 3.8575 0.598959
380 60 3.85708 0.598663

384 0 3.85647 0.598438
384 4 3.85666 0.598225
384 8 3.85712 0.598088
384 12 3.85779 0.598047
384 16 3.85856 0.598109
384 20 3.85932 0.598265
384 24 3.85995 0.59849
384 28 3.86035 0.59875
384 32 3.86047 0.599006
384 36 3.86029 0.599219
384 40 3.85982 0.599356
384 44 3.85916 0.599397
384 48 3.85838 0.599335
384 52 3.85763 0.59918
384 56 3.857 0.598955
384 60 3.85659 0.598694

388 0 3.8559 0.598489
388 4 3.85603 0.598294
388 8 3.85641 0.598163
388 12 3.85699 0.598115
388 16 3.85766 0.598159
388 20 3.85834 0.598286
388 24 3.85892 0.598479
388 28 3.85931 0.598707
388 32 3.85945 0.598936
388 36 3.85932 0.599131
388 40 3.85894 0.599263
388 44 3.85836 0.59931
388 48 3.85769 0.599267
388 52 3.85701 0.599139
388 56 3.85643 0.598946
388 60 3.85604 0.598718

392 0 3.85529 0.59853
392 4 3.85538 0.598352
392 8 3.85569 0.598228
392 12 3.85618 0.598176
392 16 3.85677 0.598204
392 20 3.85737 0.598308
392 24 3.8579 0.598473
392 28 3.85827 0.598672
392 32 3.85842 0.598876
392 36 3.85834 0.599054
392 40 3.85803 0.599179
392 44 3.85754 0.599231
392 48 3.85695 0.599203
392 52 3.85634 0.599098
392 56 3.85582 0.598934
392 60 3.85545 0.598735

396 0 3.85465 0.598563
396 4 3.8547 0.598401
396 8 3.85495 0.598283
396 12 3.85536 0.598229
396 16 3.85588 0.598244
396 20 3.85642 0.598328
396 24 3.8569 0.598468
396 28 3.85725 0.598642
396 32 3.85741 0.598824
396 36 3.85736 0.598985
396 40 3.85711 0.599103
396 44 3.8567 0.599158
396 48 3.85618 0.599142
396 52 3.85564 0.599058
396 56 3.85516 0.598918
396 60 3.85481 0.598744

400 0 3.85399 0.598585
400 4 3.85401 0.598438
400 8 3.85421 0.598329
400 12 3.85456 0.598272
400 16 3.85501 0.598278
400 20 3.85549 0.598345
400 24 3.85592 0.598463
400 28 3.85625 0.598615
400 32 3.85641 0.598776
400 36 3.85639 0.598922
400 40 3.85619 0.599032
400 44 3.85584 0.599088
400 48 3.85539 0.599083
400 52 3.85492 0.599015
400 56 3.85448 0.598897
400 60 3.85416 0.598746

404 0 3.85332 0.598597
404 4 3.85331 0.598465
404 8 3.85347 0.598363
404 12 3.85377 0.598306
404 16 3.85416 0.598304
404 20 3.85458 0.598357
404 24 3.85497 0.598456
404 28 3.85528 0.598587
404 32 3.85544 0.59873
404 36 3.85545 0.598862
404 40 3.85529 0.598965
404 44 3.855 0.599021
404 48 3.85461 0.599023
404 52 3.85418 0.59897
404 56 3.85379 0.598871
404 60 3.85349 0.59874

408 0 3.85265 0.598598
408 4 3.85263 0.598479
408 8 3.85275 0.598384
408 12 3.853 0.598328
408 16 3.85334 0.59832
408 20 3.85371 0.598361
408 24 3.85407 0.598444
408 28 3.85435 0.598557
408 32 3.85451 0.598683
408 36 3.85453 0.598802
408 40 3.85441 0.598897
408 44 3.85416 0.598953
408 48 3.85383 0.598961
408 52 3.85345 0.598921
408 56 3.8531 0.598837
408 60 3.85282 0.598724

412 0 3.852 0.598586
412 4 3.85197 0.598478
412 8 3.85206 0.598391
412 12 3.85227 0.598337
412 16 3.85256 0.598324
412 20 3.85289 0.598354
412 24 3.8532 0.598424
412 28 3.85346 0.598521
412 32 3.85362 0.598632
412 36 3.85366 0.598739
412 40 3.85357 0.598827
412 44 3.85336 0.598881
412 48 3.85307 0.598894
412 52 3.85274 0.598863
412 56 3.85243 0.598794
412 60 3.85217 0.598697

416 0 3.85139 0.598558
416 4 3.85134 0.598462
416 8 3.85141 0.598381
416 12 3.85158 0.598329
416 16 3.85183 0.598313
416 20 3.85212 0.598335
416 24 3.8524 0.598392
416 28 3.85264 0.598476
416 32 3.8528 0.598573
416 36 3.85284 0.59867
416 40 3.85278 0.59875
416 44 3.8526 0.598802
416 48 3.85236 0.598819
416 52 3.85207 0.598797
416 56 3.85178 0.598739
416 60 3.85154 0.598655

420 0 3.85081 0.598513
420 4 3.85076 0.598427
420 8 3.8508 0.598353
420 12 3.85094 0.598303
420 16 3.85116 0.598284
420 20 3.85141 0.598299
420 24 3.85167 0.598347
420 28 3.85188 0.598418
420 32 3.85203 0.598503
420 36 3.85209 0.598589
420 40 3.85204 0.598663
420 44 3.8519 0.598713
420 48 3.85169 0.598732
420 52 3.85143 0.598717
420 56 3.85118 0.598669
420 60 3.85096 0.598598

424 0 3.85029 0.598446
424 4 3.85023 0.598369
424 8 3.85026 0.598302
424 12 3.85037 0.598255
424 16 3.85056 0.598234
424 20 3.85078 0.598244
424 24 3.85101 0.598282
424 28 3.85121 0.598343
424 32 3.85135 0.598418
424 36 3.85141 0.598495
424 40 3.85138 0.598562
424 44 3.85126 0.598609
424 48 3.85108 0.598629
424 52 3.85086 0.59862
424 56 3.85063 0.598582
424 60 3.85043 0.59852

428 0 3.84984 0.598354
428 4 3.84977 0.598286
428 8 3.84979 0.598225
428 12 3.84988 0.598181
428 16 3.85004 0.598159
428 20 3.85023 0.598164
428 24 3.85043 0.598195
428 28 3.85062 0.598247
428 32 3.85075 0.598312
428 36 3.85081 0.59838
428 40 3.85079 0.598441
428 44 3.8507 0.598486
428 48 3.85055 0.598507
428 52 3.85035 0.598502
428 56 3.85015 0.598471
428 60 3.84997 0.598419

432 0 3.84946 0.598233
432 4 3.8494 0.598173
432 8 3.8494 0.598117
432 12 3.84948 0.598076
432 16 3.84961 0.598054
432 20 3.84978 0.598055
432 24 3.84996 0.59808
432 28 3.85012 0.598124
432 32 3.85024 0.59818
432 36 3.85031 0.598241
432 40 3.8503 0.598296
432 44 3.85023 0.598338
432 48 3.8501 0.59836
432 52 3.84993 0.598358
432 56 3.84975 0.598334
432 60 3.84959 0.59829

436 0 3.84918 0.598077
436 4 3.84911 0.598024
436 8 3.84911 0.597974
436 12 3.84917 0.597935
436 16 3.84928 0.597913
436 20 3.84942 0.597912
436 24 3.84958 0.597931
436 28 3.84973 0.597968
436 32 3.84985 0.598017
436 36 3.84991 0.59807
436 40 3.84991 0.59812
436 44 3.84985 0.598159
436 48 3.84974 0.598181
436 52 3.8496 0.598182
436 56 3.84944 0.598163
436 60 3.84929 0.598126

440 0 3.84899 0.59788
440 4 3.84892 0.597832
440 8 3.84891 0.597787
440 12 3.84896 0.597751
440 16 3.84905 0.59773
440 20 3.84918 0.597726
440 24 3.84932 0.597741
440 28 3.84945 0.597772
440 32 3.84956 0.597814
440 36 3.84962 0.597861
440 40 3.84963 0.597906
440 44 3.84959 0.597942
440 48 3.84949 0.597964
440 52 3.84937 0.597968
440 56 3.84923 0.597953
440 60 3.84909 0.597922

444 0 3.8489 0.597633
444 4 3.84884 0.597591
444 8 3.84883 0.597551
444 12 3.84886 0.597518
444 16 3.84894 0.597497
444 20 3.84905 0.597492
444 24 3.84917 0.597503
444 28 3.84929 0.597528
444 32 3.84939 0.597565
444 36 3.84945 0.597606
444 40 3.84946 0.597647
444 44 3.84943 0.59768
444 48 3.84935 0.597701
444 52 3.84924 0.597706
444 56 3.84912 0.597695
444 60 3.849 0.597669

448 0 3.84893 0.597328
448 4 3.84887 0.597291
448 8 3.84885 0.597255
448 12 3.84888 0.597225
448 16 3.84894 0.597205
448 20 3.84903 0.597198
448 24 3.84914 0.597206
448 28 3.84925 0.597227
448 32 3.84934 0.597258
448 36 3.8494 0.597295
448 40 3.84942 0.597331
448 44 3.84939 0.597362
448 48 3.84933 0.597382
448 52 3.84924 0.597388
448 56 3.84913 0.59738
448 60 3.84902 0.597359

452 0 3.84907 0.596954
452 4 3.84901 0.596922
452 8 3.84899 0.596889
452 12 3.84901 0.596862
452 16 3.84906 0.596842
452 20 3.84914 0.596835
452 24 3.84924 0.59684
452 28 3.84934 0.596858
452 32 3.84942 0.596884
452 36 3.84947 0.596916
452 40 3.84949 0.596949
452 44 3.84948 0.596977
452 48 3.84943 0.596996
452 52 3.84935 0.597003
452 56 3.84925 0.596998
452 60 3.84915 0.59698

456 0 3.84933 0.596498
456 4 3.84928 0.59647
456 8 3.84926 0.596441
456 12 3.84927 0.596416
456 16 3.84931 0.596398
456 20 3.84938 0.59639
456 24 3.84946 0.596393
456 28 3.84955 0.596407
456 32 3.84962 0.59643
456 36 3.84967 0.596458
456 40 3.8497 0.596487
456 44 3.84969 0.596512
456 48 3.84964 0.59653
456 52 3.84958 0.596538
456 56 3.84949 0.596535
456 60 3.84941 0.596521

460 0 3.84971 0.595947
460 4 3.84966 0.595923
460 8 3.84964 0.595897
460 12 3.84964 0.595874
460 16 3.84968 0.595857
460 20 3.84973 0.595848
460 24 3.84981 0.59585
460 28 3.84988 0.595861
460 32 3.84995 0.595881
460 36 3.85 0.595905
460 40 3.85003 0.59593
460 44 3.85002 0.595954
460 48 3.84999 0.595971
460 52 3.84993 0.595979
460 56 3.84985 0.595977
460 60 3.84978 0.595966

464 0 3.85021 0.595283
464 4 3.85016 0.595262
464 8 3.85013 0.595239
464 12 3.85014 0.595218
464 16 3.85016 0.595202
464 20 3.85021 0.595194
464 24 3.85028 0.595194
464 28 3.85034 0.595203
464 32 3.85041 0.595219
464 36 3.85045 0.59524
464 40 3.85048 0.595263
464 44 3.85048 0.595284
464 48 3.85045 0.5953
464 52 3.8504 0.595309
464 56 3.85033 0.595308
464 60 3.85027 0.5953

468 0 3.85081 0.594488
468 4 3.85077 0.59447
468 8 3.85075 0.59445
468 12 3.85075 0.594431
468 16 3.85077 0.594416
468 20 3.85081 0.594407
468 24 3.85087 0.594407
468 28 3.85093 0.594413
468 32 3.85098 0.594427
468 36 3.85102 0.594445
468 40 3.85105 0.594465
468 44 3.85105 0.594484
468 48 3.85103 0.594499
468 52 3.85099 0.594508
468 56 3.85093 0.594509
468 60 3.85087 0.594502

472 0 3.85153 0.59354
472 4 3.85149 0.593524
472 8 3.85147 0.593507
472 12 3.85147 0.593489
472 16 3.85148 0.593475
472 20 3.85152 0.593467
472 24 3.85157 0.593465
472 28 3.85162 0.59347
472 32 3.85167 0.593481
472 36 3.85171 0.593497
472 40 3.85173 0.593515
472 44 3.85174 0.593532
472 48 3.85172 0.593546
472 52 3.85168 0.593555
472 56 3.85164 0.593557
472 60 3.85158 0.593552

476 0 3.85235 0.592412
476 4 3.85232 0.592398
476 8 3.85229 0.592382
476 12 3.85229 0.592366
476 16 3.8523 0.592353
476 20 3.85233 0.592345
476 24 3.85237 0.592342
476 28 3.85242 0.592346
476 32 3.85246 0.592355
476 36 3.8525 0.592369
476 40 3.85252 0.592385
476 44 3.85253 0.5924
476 48 3.85251 0.592414
476 52 3.85249 0.592422
476 56 3.85244 0.592425
476 60 3.8524 0.592421

480 0 3.85327 0.591064
480 4 3.85323 0.591053
480 8 3.85321 0.591038
480 12 3.85321 0.591024
480 16 3.85322 0.591012
480 20 3.85324 0.591003
480 24 3.85327 0.591
480 28 3.85331 0.591002
480 32 3.85335 0.59101
480 36 3.85339 0.591022
480 40 3.85341 0.591036
480 44 3.85342 0.59105
480 48 3.85341 0.591063
480 52 3.85338 0.591071
480 56 3.85335 0.591074
480 60 3.85331 0.591072

484 0 3.85426 0.589429
484 4 3.85423 0.589419
484 8 3.85421 0.589406
484 12 3.85421 0.589393
484 16 3.85421 0.589381
484 20 3.85423 0.589373
484 24 3.85426 0.589369
484 28 3.8543 0.58937
484 32 3.85433 0.589376
484 36 3.85436 0.589387
484 40 3.85438 0.589399
484 44 3.85439 0.589412
484 48 3.85438 0.589424
484 52 3.85436 0.589433
484 56 3.85433 0.589437
484 60 3.8543 0.589435

488 0 3.85533 0.587342
488 4 3.8553 0.587333
488 8 3.85528 0.587322
488 12 3.85528 0.587309
488 16 3.85528 0.587298
488 20 3.8553 0.587289
488 24 3.85532 0.587284
488 28 3.85535 0.587285
488 32 3.85538 0.58729
488 36 3.85541 0.587298
488 40 3.85543 0.58731
488 44 3.85543 0.587322
488 48 3.85543 0.587334
488 52 3.85541 0.587343
488 56 3.85539 0.587347
488 60 3.85536 0.587347

492 0 3.85645 0.584335
492 4 3.85643 0.584327
492 8 3.85641 0.584316
492 12 3.8564 0.584304
492 16 3.85641 0.584293
492 20 3.85642 0.584284
492 24 3.85644 0.584278
492 28 3.85647 0.584277
492 32 3.85649 0.584281
492 36 3.85651 0.584289
492 40 3.85653 0.5843
492 44 3.85654 0.584312
492 48 3.85654 0.584323
492 52 3.85652 0.584333
492 56 3.8565 0.584338
492 60 3.85648 0.584339

496 0 3.85762 0.578958
496 4 3.8576 0.578951
496 8 3.85758 0.578941
496 12 3.85758 0.578928
496 16 3.85758 0.578916
496 20 3.85759 0.578906
496 24 3.85761 0.5789
496 28 3.85763 0.578898
496 32 3.85765 0.578901
496 36 3.85767 0.578908
496 40 3.85768 0.578918
496 44 3.85769 0.578931
496 48 3.85769 0.578943
496 52 3.85768 0.578953
496 56 3.85766 0.578959
496 60 3.85764 0.578961

500 0 3.85881 0.566585
500 4 3.8588 0.566578
500 8 3.85879 0.566568
500 12 3.85878 0.566555
500 16 3.85878 0.566541
500 20 3.85879 0.56653
500 24 3.8588 0.566522
500 28 3.85882 0.566519
500 32 3.85883 0.566521
500 36 3.85885 0.566528
500 40 3.85886 0.566539
500 44 3.85886 0.566552
500 48 3.85886 0.566565
500 52 3.85886 0.566576
500 56 3.85884 0.566584
500 60 3.85883 0.566587

504 0 3.86002 0.532303
504 4 3.86001 0.532296
504 8 3.86 0.532284
504 12 3.86 0.532271
504 16 3.86 0.532256
504 20 3.86 0.532243
504 24 3.86001 0.532234
504 28 3.86002 0.53223
504 32 3.86003 0.532231
504 36 3.86004 0.532238
504 40 3.86005 0.532249
504 44 3.86005 0.532263
504 48 3.86005 0.532278
504 52 3.86005 0.532291
504 56 3.86004 0.5323
504 60 3.86003 0.532304

508 0 3.86123 0.427916
508 4 3.86122 0.42791
508 8 3.86122 0.427899
508 12 3.86122 0.427886
508 16 3.86122 0.427872
508 20 3.86122 0.427859
508 24 3.86122 0.42785
508 28 3.86123 0.427846
508 32 3.86123 0.427847
508 36 3.86124 0.427853
508 40 3.86124 0.427863
508 44 3.86124 0.427877
508 48 3.86124 0.427891
508 52 3.86124 0.427903
508 56 3.86124 0.427913
508 60 3.86123 0.427917

