0 0 4 0
0 4 4 0
0 8 4 0
0 12 4 2.76146e-16
0 16 4 0
0 20 4 2.76146e-16
0 24 4 0
0 28 4 0
0 32 4 0
0 36 4 -2.76146e-16
0 40 4 0
0 44 4 2.76146e-16
0 48 4 0
0 52 4 0
0 56 4 0
0 60 4 0

4 0 3.76244 0
4 4 3.76243 -7.99791e-06
4 8 3.76243 -1.47783e-05
4 12 3.76243 -1.93091e-05
4 16 3.76242 -2.09003e-05
4 20 3.76242 -1.93096e-05
4 24 3.76242 -1.47791e-05
4 28 3.76241 -7.99846e-06
4 32 3.76241 1.9021e-15
4 36 3.76241 7.99846e-06
4 40 3.76242 1.47791e-05
4 44 3.76242 1.93096e-05
4 48 3.76242 2.09003e-05
4 52 3.76243 1.93091e-05
4 56 3.76243 1.47783e-05
4 60 3.76243 7.99791e-06

8 0 3.76243 -1.35865e-15
8 4 3.76243 -1.56322e-05
8 8 3.76243 -2.88849e-05
8 12 3.76242 -3.77404e-05
8 16 3.76241 -4.08506e-05
8 20 3.7624 -3.77416e-05
8 24 3.76239 -2.88866e-05
8 28 3.76239 -1.56335e-05
8 32 3.76239 1.35864e-15
8 36 3.76239 1.56335e-05
8 40 3.76239 2.88866e-05
8 44 3.7624 3.77416e-05
8 48 3.76241 4.08506e-05
8 52 3.76242 3.77404e-05
8 56 3.76243 2.88849e-05
8 60 3.76243 1.56322e-05

12 0 3.76245 -1.63038e-15
12 4 3.76244 -2.51217e-05
12 8 3.76243 -4.64194e-05
12 12 3.76242 -6.0651e-05
12 16 3.7624 -6.56495e-05
12 20 3.76238 -6.06535e-05
12 24 3.76237 -4.6423e-05
12 28 3.76236 -2.51242e-05
12 32 3.76235 0
12 36 3.76236 2.51242e-05
12 40 3.76237 4.6423e-05
12 44 3.76238 6.06535e-05
12 48 3.7624 6.56495e-05
12 52 3.76242 6.0651e-05
12 56 3.76243 4.64194e-05
12 60 3.76244 2.51217e-05

16 0 3.76247 0
16 4 3.76246 -3.80325e-05
16 8 3.76245 -7.0276e-05
16 12 3.76242 -9.18222e-05
16 16 3.76239 -9.93906e-05
16 20 3.76236 -9.18276e-05
16 24 3.76234 -7.02835e-05
16 28 3.76232 -3.80378e-05
16 32 3.76231 1.63038e-15
16 36 3.76232 3.80378e-05
16 40 3.76234 7.02835e-05
16 44 3.76236 9.18276e-05
16 48 3.76239 9.93906e-05
16 52 3.76242 9.18222e-05
16 56 3.76245 7.0276e-05
16 60 3.76246 3.80325e-05

20 0 3.76251 0
20 4 3.7625 -5.64616e-05
20 8 3.76248 -0.00010433
20 12 3.76244 -0.000136318
20 16 3.76239 -0.000147556
20 20 3.76234 -0.00013633
20 24 3.7623 -0.000104346
20 28 3.76227 -5.64729e-05
20 32 3.76226 0
20 36 3.76227 5.64729e-05
20 40 3.7623 0.000104346
20 44 3.76234 0.00013633
20 48 3.76239 0.000147556
20 52 3.76244 0.000136318
20 56 3.76248 0.00010433
20 60 3.7625 5.64616e-05

24 0 3.76258 -1.35865e-15
24 4 3.76257 -8.33684e-05
24 8 3.76253 -0.00015405
24 12 3.76246 -0.000201286
24 16 3.76238 -0.000217884
24 20 3.76231 -0.00020131
24 24 3.76224 -0.000154084
24 28 3.7622 -8.33925e-05
24 32 3.76218 8.1519e-16
24 36 3.7622 8.33925e-05
24 40 3.76224 0.000154084
24 44 3.76231 0.00020131
24 48 3.76238 0.000217884
24 52 3.76246 0.000201286
24 56 3.76253 0.00015405
24 60 3.76257 8.33684e-05

28 0 3.76269 1.35866e-15
28 4 3.76267 -0.000123041
28 8 3.7626 -0.000227361
28 12 3.7625 -0.000297083
28 16 3.76238 -0.000321588
28 20 3.76227 -0.000297135
28 24 3.76217 -0.000227434
28 28 3.7621 -0.000123092
28 32 3.76208 0
28 36 3.7621 0.000123092
28 40 3.76217 0.000227434
28 44 3.76227 0.000297135
28 48 3.76238 0.000321588
28 52 3.7625 0.000297083
28 56 3.7626 0.000227361
28 60 3.76267 0.000123041

32 0 3.76285 8.15198e-16
32 4 3.76282 -0.00018177
32 8 3.76271 -0.00033589
32 12 3.76256 -0.000438909
32 16 3.76239 -0.000475132
32 20 3.76221 -0.000439021
32 24 3.76206 -0.000336048
32 28 3.76195 -0.000181881
32 32 3.76192 -1.08692e-15
32 36 3.76195 0.000181881
32 40 3.76206 0.000336048
32 44 3.76221 0.000439021
32 48 3.76239 0.000475132
32 52 3.76256 0.000438909
32 56 3.76271 0.00033589
32 60 3.76282 0.00018177

36 0 3.76309 2.71734e-15
36 4 3.76304 -0.000268839
36 8 3.76288 -0.000496801
36 12 3.76266 -0.000649203
36 16 3.76239 -0.000702822
36 20 3.76212 -0.000649442
36 24 3.76189 -0.00049714
36 28 3.76174 -0.000269078
36 32 3.76169 0
36 36 3.76174 0.000269078
36 40 3.76189 0.00049714
36 44 3.76212 0.000649442
36 48 3.76239 0.000702822
36 52 3.76266 0.000649203
36 56 3.76288 0.000496801
36 60 3.76304 0.000268839

40 0 3.76344 0
40 4 3.76336 -0.000397979
40 8 3.76313 -0.00073548
40 12 3.76279 -0.00096117
40 16 3.76239 -0.00104064
40 20 3.76199 -0.000961685
40 24 3.76165 -0.000736209
40 28 3.76142 -0.000398494
40 32 3.76135 0
40 36 3.76142 0.000398494
40 40 3.76165 0.000736209
40 44 3.76199 0.000961685
40 48 3.76239 0.00104064
40 52 3.76279 0.00096117
40 56 3.76313 0.00073548
40 60 3.76336 0.000397979

44 0 3.76396 8.1521e-16
44 4 3.76384 -0.000589517
44 8 3.7635 -0.00108952
44 12 3.763 -0.001424
44 16 3.7624 -0.00154193
44 20 3.7618 -0.00142511
44 24 3.76129 -0.00109109
44 28 3.76096 -0.000590625
44 32 3.76084 -3.26077e-15
44 36 3.76096 0.000590625
44 40 3.76129 0.00109109
44 44 3.7618 0.00142511
44 48 3.7624 0.00154193
44 52 3.763 0.001424
44 56 3.7635 0.00108952
44 60 3.76384 0.000589517

48 0 3.76473 1.08695e-15
48 4 3.76455 -0.000873539
48 8 3.76405 -0.0016146
48 12 3.76329 -0.00211059
48 16 3.76241 -0.00228578
48 20 3.76152 -0.00211298
48 24 3.76076 -0.00161798
48 28 3.76026 -0.000875924
48 32 3.76008 -1.35865e-15
48 36 3.76026 0.000875924
48 40 3.76076 0.00161798
48 44 3.76152 0.00211298
48 48 3.76241 0.00228578
48 52 3.76329 0.00211059
48 56 3.76405 0.0016146
48 60 3.76455 0.000873539

52 0 3.76586 -3.80438e-15
52 4 3.7656 -0.00129456
52 8 3.76485 -0.00239313
52 12 3.76373 -0.00312894
52 16 3.76241 -0.00338952
52 20 3.76109 -0.00313407
52 24 3.75997 -0.00240039
52 28 3.75922 -0.00129969
52 32 3.75895 2.71728e-16
52 36 3.75922 0.00129969
52 40 3.75997 0.00240039
52 44 3.76109 0.00313407
52 48 3.76241 0.00338952
52 52 3.76373 0.00312894
52 56 3.76485 0.00239313
52 60 3.7656 0.00129456

56 0 3.76754 0
56 4 3.76715 -0.00191834
56 8 3.76604 -0.003547
56 12 3.76438 -0.00463902
56 16 3.76242 -0.0050272
56 20 3.76046 -0.00465006
56 24 3.75879 -0.00356261
56 28 3.75767 -0.00192938
56 32 3.75728 0
56 36 3.75767 0.00192938
56 40 3.75879 0.00356261
56 44 3.76046 0.00465006
56 48 3.76242 0.0050272
56 52 3.76438 0.00463902
56 56 3.76604 0.003547
56 60 3.76715 0.00191834

60 0 3.77002 -5.43501e-16
60 4 3.76944 -0.0028419
60 8 3.7678 -0.00525623
60 12 3.76535 -0.00687758
60 16 3.76244 -0.00745705
60 20 3.75952 -0.00690132
60 24 3.75704 -0.00528982
60 28 3.75537 -0.00286565
60 32 3.75479 -1.63033e-15
60 36 3.75537 0.00286565
60 40 3.75704 0.00528982
60 44 3.75952 0.00690132
60 48 3.76244 0.00745705
60 52 3.76535 0.00687758
60 56 3.7678 0.00525623
60 60 3.76944 0.0028419

64 0 3.77369 -8.15274e-16
64 4 3.77284 -0.004208
64 8 3.77041 -0.00778625
64 12 3.76678 -0.0101946
64 16 3.76246 -0.0110621
64 20 3.75813 -0.0102457
64 24 3.75443 -0.00785849
64 28 3.75196 -0.00425909
64 32 3.75109 2.71715e-16
64 36 3.75196 0.00425909
64 40 3.75443 0.00785849
64 44 3.75813 0.0102457
64 48 3.76246 0.0110621
64 52 3.76678 0.0101946
64 56 3.77041 0.00778625
64 60 3.77284 0.004208

68 0 3.77911 -8.15307e-16
68 4 3.77786 -0.00622586
68 8 3.77428 -0.0115271
68 12 3.7689 -0.0151067
68 16 3.76251 -0.0164105
68 20 3.75607 -0.0152166
68 24 3.75057 -0.0116825
68 28 3.74688 -0.00633576
68 32 3.74558 -1.35853e-15
68 36 3.74688 0.00633576
68 40 3.75057 0.0116825
68 44 3.75607 0.0152166
68 48 3.76251 0.0164105
68 52 3.7689 0.0151067
68 56 3.77428 0.0115271
68 60 3.77786 0.00622586

72 0 3.78714 0
72 4 3.78529 -0.00920045
72 8 3.78002 -0.0170498
72 12 3.77207 -0.0223745
72 16 3.76261 -0.0243449
72 20 3.75304 -0.0226108
72 24 3.74484 -0.017384
72 28 3.73932 -0.00943685
72 32 3.73737 2.71691e-16
72 36 3.73932 0.00943685
72 40 3.74484 0.017384
72 44 3.75304 0.0226108
72 48 3.76261 0.0243449
72 52 3.77207 0.0223745
72 56 3.78002 0.0170498
72 60 3.78529 0.00920045

76 0 3.79898 -1.63085e-15
76 4 3.79627 -0.0135727
76 8 3.78853 -0.0251843
76 12 3.77682 -0.0331138
76 16 3.76281 -0.036114
76 20 3.74858 -0.0336217
76 24 3.73633 -0.0259031
76 28 3.72806 -0.0140812
76 32 3.72513 0
76 36 3.72806 0.0140812
76 40 3.73633 0.0259031
76 44 3.74858 0.0336217
76 48 3.76281 0.036114
76 52 3.77682 0.0331138
76 56 3.78853 0.0251843
76 60 3.79627 0.0135727

80 0 3.81641 2.71841e-16
80 4 3.81247 -0.019972
80 8 3.80116 -0.0371263
80 12 3.78396 -0.0489519
80 16 3.76325 -0.0535673
80 20 3.74207 -0.0500436
80 24 3.72372 -0.0386715
80 28 3.71126 -0.0210657
80 32 3.70684 0
80 36 3.71126 0.0210657
80 40 3.72372 0.0386715
80 44 3.74207 0.0500436
80 48 3.76325 0.0535673
80 52 3.78396 0.0489519
80 56 3.80116 0.0371263
80 60 3.81247 0.019972

84 0 3.84201 1.90324e-15
84 4 3.83631 -0.0292803
84 8 3.81988 -0.0545716
84 12 3.79475 -0.0722415
84 16 3.76421 -0.0794369
84 20 3.73265 -0.0745857
84 24 3.70504 -0.0578921
84 28 3.68613 -0.031632
84 32 3.6794 -2.71584e-16
84 36 3.68613 0.031632
84 40 3.70504 0.0578921
84 44 3.73265 0.0745857
84 48 3.76421 0.0794369
84 52 3.79475 0.0722415
84 56 3.81988 0.0545716
84 60 3.83631 0.0292803

88 0 3.87942 5.43927e-16
88 4 3.87126 -0.0426966
88 8 3.84764 -0.0798704
88 12 3.81116 -0.106334
88 16 3.76626 -0.117742
88 20 3.71917 -0.111361
88 24 3.67738 -0.0869988
88 28 3.64843 -0.0477505
88 32 3.63805 5.43016e-16
88 36 3.64843 0.0477505
88 40 3.67738 0.0869988
88 44 3.71917 0.111361
88 48 3.76626 0.117742
88 52 3.81116 0.106334
88 56 3.84764 0.0798704
88 60 3.87126 0.0426966

92 0 3.9337 1.90449e-15
92 4 3.92223 -0.0617718
92 8 3.88876 -0.116153
92 12 3.83636 -0.155884
92 16 3.77066 -0.174334
92 20 3.7003 -0.166636
92 24 3.63654 -0.131427
92 28 3.59158 -0.0726195
92 32 3.57532 -1.62836e-15
92 36 3.59158 0.0726195
92 40 3.63654 0.131427
92 44 3.7003 0.166636
92 48 3.77066 0.174334
92 52 3.83636 0.155884
92 56 3.88876 0.116153
92 60 3.92223 0.0617718

96 0 4.0117 2.99448e-15
96 4 3.99594 -0.0883401
96 8 3.94951 -0.167307
96 12 3.87541 -0.227071
96 16 3.78007 -0.257554
96 20 3.6748 -0.249955
96 24 3.57646 -0.199909
96 28 3.50533 -0.111558
96 32 3.47922 0
96 36 3.50533 0.111558
96 40 3.57646 0.199909
96 44 3.6748 0.249955
96 48 3.78007 0.257554
96 52 3.87541 0.227071
96 56 3.94951 0.167307
96 60 3.99594 0.0883401

100 0 4.12216 1.63471e-15
100 4 4.10127 -0.124197
100 8 4.03885 -0.237513
100 12 3.93655 -0.327365
100 16 3.79999 -0.378711
100 20 3.64257 -0.375608
100 24 3.48883 -0.306568
100 28 3.37342 -0.173591
100 32 3.33017 2.70964e-15
100 36 3.37342 0.173591
100 40 3.48883 0.306568
100 44 3.64257 0.375608
100 48 3.79999 0.378711
100 52 3.93655 0.327365
100 56 4.03885 0.237513
100 60 4.10127 0.124197

104 0 4.27529 -1.63666e-15
104 4 4.24899 -0.170273
104 8 4.16893 -0.329766
104 12 4.03283 -0.463919
104 16 3.84157 -0.551328
104 20 3.60717 -0.56376
104 24 3.36324 -0.473809
104 28 3.16994 -0.274003
104 32 3.09542 -2.97629e-15
104 36 3.16994 0.274003
104 40 3.36324 0.473809
104 44 3.60717 0.56376
104 48 3.84157 0.551328
104 52 4.03283 0.463919
104 56 4.16893 0.329766
104 60 4.24899 0.170273

108 0 4.48117 5.46475e-16
108 4 4.45047 -0.225037
108 8 4.35466 -0.442537
108 12 4.18363 -0.638635
108 16 3.92585 -0.785951
108 20 3.58178 -0.837774
108 24 3.18965 -0.733889
108 28 2.85414 -0.437075
108 32 2.72024 -2.69978e-15
108 36 2.85414 0.437075
108 40 3.18965 0.733889
108 44 3.58178 0.837774
108 48 3.92585 0.785951
108 52 4.18363 0.638635
108 56 4.35466 0.442537
108 60 4.45047 0.225037

112 0 4.74616 0
112 4 4.71399 -0.282192
112 8 4.61024 -0.564065
112 12 4.4129 -0.837239
112 16 4.08703 -1.07325
112 20 3.59935 -1.20543
112 24 2.96796 -1.11699
112 28 2.36674 -0.691284
112 32 2.11841 -2.1527e-15
112 36 2.36674 0.691284
112 40 2.96796 1.11699
112 44 3.59935 1.20543
112 48 4.08703 1.07325
112 52 4.4129 0.837239
112 56 4.61024 0.564065
112 60 4.71399 0.282192

116 0 5.06723 -3.02178e-15
116 4 5.03813 -0.32875
116 8 4.93993 -0.666188
116 12 4.73692 -1.01319
116 16 4.36158 -1.34807
116 20 3.71573 -1.59615
116 24 2.72808 -1.57503
116 28 1.64652 -1.0098
116 32 1.18909 -2.67755e-16
116 36 1.64652 1.0098
116 40 2.72808 1.57503
116 44 3.71573 1.59615
116 48 4.36158 1.34807
116 52 4.73692 1.01319
116 56 4.93993 0.666188
116 60 5.03813 0.32875

120 0 5.42557 0
120 4 5.40339 -0.346253
120 8 5.32281 -0.704809
120 12 5.13538 -1.08044
120 16 4.73806 -1.45545
120 20 3.94612 -1.75086
120 24 2.49627 -1.74023
120 28 0.702286 -0.922446
120 32 0 0
120 36 0.702286 0.922446
120 40 2.49627 1.74023
120 44 3.94612 1.75086
120 48 4.73806 1.45545
120 52 5.13538 1.08044
120 56 5.32281 0.704809
120 60 5.40339 0.346253

124 0 5.78409 -1.66146e-15
124 4 5.7678 -0.318617
124 8 5.70087 -0.639166
124 12 5.51935 -0.951366
124 16 5.07925 -1.21324
124 20 4.07101 -1.30877
124 24 1.81654 -0.845129
124 28 0 0
124 32 0 0
124 36 0 0
124 40 1.81654 0.845129
124 44 4.07101 1.30877
124 48 5.07925 1.21324
124 52 5.51935 0.951366
124 56 5.70087 0.639166
124 60 5.7678 0.318617

128 0 6.09503 0
128 4 6.07642 -0.244983
128 8 5.99547 -0.469451
128 12 5.76479 -0.635733
128 16 5.19567 -0.672611
128 20 3.9126 -0.477465
128 24 0 0
128 28 0 0
128 32 0 0
128 36 0 0
128 40 0 0
128 44 3.9126 0.477465
128 48 5.19567 0.672611
128 52 5.76479 0.635733
128 56 5.99547 0.469451
128 60 6.07642 0.244983

132 0 6.31711 0
132 4 6.28414 -0.142834
132 8 6.15141 -0.24342
132 12 5.80773 -0.246329
132 16 5.04264 -0.086143
132 20 3.54535 0.242562
132 24 1.1122 0.337923
132 28 0 0
132 32 0 0
132 36 0 0
132 40 1.1122 -0.337923
132 44 3.54535 -0.242562
132 48 5.04264 0.086143
132 52 5.80773 0.246329
132 56 6.15141 0.24342
132 60 6.28414 0.142834

136 0 6.4305 -2.79775e-16
136 4 6.37404 -0.0374255
136 8 6.16591 -0.0238978
136 12 5.68979 0.0900815
136 16 4.77068 0.324863
136 20 3.28739 0.587152
136 24 1.43418 0.605099
136 28 0.19547 0.20158
136 32 0 0
136 36 0.19547 -0.20158
136 40 1.43418 -0.605099
136 44 3.28739 -0.587152
136 48 4.77068 -0.324863
136 52 5.68979 -0.0900815
136 56 6.16591 0.0238978
136 60 6.37404 0.0374255

140 0 6.43939 1.12078e-15
140 4 6.35734 0.0518631
140 8 6.07503 0.148806
140 12 5.49586 0.319929
140 16 4.51557 0.545285
140 20 3.14229 0.718564
140 24 1.641 0.672445
140 28 0.574108 0.357351
140 32 0.245525 1.70234e-15
140 36 0.574108 -0.357351
140 40 1.641 -0.672445
140 44 3.14229 -0.718564
140 48 4.51557 -0.545285
140 52 5.49586 -0.319929
140 56 6.07503 -0.148806
140 60 6.35734 -0.0518631

144 0 6.36406 0
144 4 6.26077 0.116383
144 8 5.92357 0.263495
144 12 5.2892 0.449957
144 16 4.31803 0.638627
144 20 3.08353 0.740038
144 24 1.83301 0.655728
144 28 0.931142 0.373044
144 32 0.617867 5.65216e-16
144 36 0.931142 -0.373044
144 40 1.83301 -0.655728
144 44 3.08353 -0.740038
144 48 4.31803 -0.638627
144 52 5.2892 -0.449957
144 56 5.92357 -0.263495
144 60 6.26077 -0.116383

148 0 6.23053 8.41141e-16
148 4 6.11355 0.156285
148 8 5.74629 0.327537
148 12 5.09844 0.508165
148 16 4.17611 0.658259
148 20 3.07946 0.710257
148 24 2.02042 0.605932
148 28 1.26141 0.346056
148 32 0.98987 0
148 36 1.26141 -0.346056
148 40 2.02042 -0.605932
148 44 3.07946 -0.710257
148 48 4.17611 -0.658259
148 52 5.09844 -0.508165
148 56 5.74629 -0.327537
148 60 6.11355 -0.156285

152 0 6.0629 0
152 4 5.9399 0.176259
152 8 5.56444 0.354397
152 12 4.93212 0.520552
152 16 4.07744 0.638196
152 20 3.10759 0.658266
152 24 2.20143 0.546184
152 28 1.55945 0.309349
152 32 1.32866 2.8114e-16
152 36 1.55945 -0.309349
152 40 2.20143 -0.546184
152 44 3.10759 -0.658266
152 48 4.07744 -0.638196
152 52 4.93212 -0.520552
152 56 5.56444 -0.354397
152 60 5.9399 -0.176259

156 0 5.87995 0
156 4 5.75707 0.182036
156 8 5.38934 0.356688
156 12 4.7902 0.505937
156 16 4.00989 0.598343
156 20 3.15341 0.598667
156 24 2.37212 0.486661
156 28 1.82499 0.273019
156 32 1.62871 7.01693e-16
156 36 1.82499 -0.273019
156 40 2.37212 -0.486661
156 44 3.15341 -0.598667
156 48 4.00989 -0.598343
156 52 4.7902 -0.505937
156 56 5.38934 -0.356688
156 60 5.75707 -0.182036

160 0 5.69462 0
160 4 5.57609 0.178608
160 8 5.22635 0.344029
160 12 4.66977 0.476654
160 16 3.96395 0.550003
160 20 3.2077 0.538701
160 24 2.53001 0.431327
160 28 2.06017 0.239997
160 32 1.89221 0
160 36 2.06017 -0.239997
160 40 2.53001 -0.431327
160 44 3.2077 -0.538701
160 48 3.96395 -0.550003
160 52 4.66977 -0.476654
160 56 5.22635 -0.344029
160 60 5.57609 -0.178608

164 0 5.51507 0
164 4 5.40349 0.169706
164 8 5.0775 0.323068
164 12 4.56737 0.440386
164 16 3.9328 0.499443
164 20 3.26477 0.481773
164 24 2.67411 0.381428
164 28 2.26794 0.210849
164 32 2.12326 1.40036e-15
164 36 2.26794 -0.210849
164 40 2.67411 -0.381428
164 44 3.26477 -0.481773
164 48 3.9328 -0.499443
164 52 4.56737 -0.440386
164 56 5.0775 -0.323068
164 60 5.40349 -0.169706

168 0 5.34596 -2.7975e-16
168 4 5.24269 0.157899
168 8 4.94309 0.298129
168 12 4.47988 0.401746
168 16 3.91167 0.450023
168 20 3.32124 0.429314
168 24 2.80445 0.337056
168 28 2.45138 0.18538
168 32 2.326 0
168 36 2.45138 -0.18538
168 40 2.80445 -0.337056
168 44 3.32124 -0.429314
168 48 3.91167 -0.450023
168 52 4.47988 -0.401746
168 56 4.94309 -0.298129
168 60 5.24269 -0.157899

172 0 5.18963 8.38933e-16
172 4 5.09518 0.144853
172 8 4.82255 0.271904
172 12 4.40469 0.363402
172 16 3.89732 0.403447
172 20 3.37516 0.38176
172 24 2.92164 0.297845
172 28 2.61337 0.163181
172 32 2.50417 0
172 36 2.61337 -0.163181
172 40 2.92164 -0.297845
172 44 3.37516 -0.38176
172 48 3.89732 -0.403447
172 52 4.40469 -0.363402
172 56 4.82255 -0.271904
172 60 5.09518 -0.144853

176 0 5.04689 3.07511e-15
176 4 4.96124 0.131602
176 8 4.7149 0.245996
176 12 4.33971 0.326825
176 16 3.88754 0.360477
176 20 3.42553 0.339052
176 24 3.02658 0.263281
176 28 2.75649 0.14382
176 32 2.661 1.67765e-15
176 36 2.75649 -0.14382
176 40 3.02658 -0.263281
176 44 3.42553 -0.339052
176 48 3.88754 -0.360477
176 52 4.33971 -0.326825
176 56 4.7149 -0.245996
176 60 4.96124 -0.131602

180 0 4.91768 1.11793e-15
180 4 4.84048 0.118756
180 8 4.61902 0.221311
180 12 4.28328 0.292756
180 16 3.88087 0.321352
180 20 3.4719 0.300902
180 24 3.12032 0.23283
180 28 2.88302 0.126901
180 32 2.79926 1.11807e-15
180 36 2.88302 -0.126901
180 40 3.12032 -0.23283
180 44 3.4719 -0.300902
180 48 3.88087 -0.321352
180 52 4.28328 -0.292756
180 56 4.61902 -0.221311
180 60 4.84048 -0.118756

184 0 4.80142 0
184 4 4.73214 0.106652
184 8 4.53378 0.198314
184 12 4.23406 0.261502
184 16 3.87629 0.286027
184 20 3.51415 0.266933
184 24 3.20388 0.205994
184 28 2.99496 0.112083
184 32 2.9213 1.11779e-15
184 36 2.99496 -0.112083
184 40 3.20388 -0.205994
184 44 3.51415 -0.266933
184 48 3.87629 -0.286027
184 52 4.23406 -0.261502
184 56 4.53378 -0.198314
184 60 4.73214 -0.106652

188 0 4.69724 2.79377e-16
188 4 4.63527 0.0954542
188 8 4.45807 0.177204
188 12 4.191 0.233118
188 16 3.87315 0.25431
188 20 3.55239 0.236739
188 24 3.27827 0.182325
188 28 3.09403 0.0990761
188 32 3.02914 2.79394e-15
188 36 3.09403 -0.0990761
188 40 3.27827 -0.182325
188 44 3.55239 -0.236739
188 48 3.87315 -0.25431
188 52 4.191 -0.233118
188 56 4.45807 -0.177204
188 60 4.63527 -0.0954542

192 0 4.60418 -5.58679e-16
192 4 4.54887 0.0852203
192 8 4.39089 0.158016
192 12 4.15321 0.207515
192 16 3.87099 0.225935
192 20 3.58682 0.209931
192 24 3.34445 0.161433
192 28 3.18177 0.0876366
192 32 3.12451 1.95546e-15
192 36 3.18177 -0.0876366
192 40 3.34445 -0.161433
192 44 3.58682 -0.209931
192 48 3.87099 -0.225935
192 52 4.15321 -0.207515
192 56 4.39089 -0.158016
192 60 4.54887 -0.0852203

196 0 4.52122 2.23448e-15
196 4 4.47194 0.075946
196 8 4.3313 0.140695
196 12 4.11999 0.18453
196 16 3.8695 0.200615
196 20 3.61771 0.186142
196 24 3.40327 0.142975
196 28 3.2595 0.0775584
196 32 3.20892 1.67591e-15
196 36 3.2595 -0.0775584
196 40 3.40327 -0.142975
196 44 3.61771 -0.186142
196 48 3.8695 -0.200615
196 52 4.11999 -0.18453
196 56 4.3313 -0.140695
196 60 4.47194 -0.075946

200 0 4.44738 1.11714e-15
200 4 4.40353 0.067591
200 8 4.27846 0.125134
200 12 4.09073 0.163964
200 16 3.86847 0.178061
200 20 3.64534 0.16504
200 24 3.45553 0.126656
200 28 3.32837 0.0686669
200 32 3.28366 -2.79293e-16
200 36 3.32837 -0.0686669
200 40 3.45553 -0.126656
200 44 3.64534 -0.16504
200 48 3.86847 -0.178061
200 52 4.09073 -0.163964
200 56 4.27846 -0.125134
200 60 4.40353 -0.067591

204 0 4.38173 0
204 4 4.34275 0.0600957
204 8 4.23162 0.111203
204 12 4.06493 0.145606
204 16 3.86776 0.157994
204 20 3.67002 0.146324
204 24 3.50194 0.112219
204 28 3.38941 0.0608136
204 32 3.34986 -1.39637e-15
204 36 3.38941 -0.0608136
204 40 3.50194 -0.112219
204 44 3.67002 -0.146324
204 48 3.86776 -0.157994
204 52 4.06493 -0.145606
204 56 4.23162 -0.111203
204 60 4.34275 -0.0600957

208 0 4.32342 0
208 4 4.28879 0.0533922
208 8 4.1901 0.098763
208 12 4.04216 0.129247
208 16 3.86728 0.140157
208 20 3.69202 0.129726
208 24 3.54315 0.0994403
208 28 3.44353 0.0538712
208 32 3.40852 -1.9548e-15
208 36 3.44353 -0.0538712
208 40 3.54315 -0.0994403
208 44 3.69202 -0.129726
208 48 3.86728 -0.140157
208 52 4.04216 -0.129247
208 56 4.1901 -0.098763
208 60 4.28879 -0.0533922

212 0 4.27165 1.95469e-15
212 4 4.24091 0.0474103
212 8 4.15331 0.0876739
212 12 4.02204 0.114689
212 16 3.86695 0.124313
212 20 3.71161 0.115009
212 24 3.57972 0.0881257
212 28 3.4915 0.0477297
212 32 3.4605 -1.67547e-15
212 36 3.4915 -0.0477297
212 40 3.57972 -0.0881257
212 44 3.71161 -0.115009
212 48 3.86695 -0.124313
212 52 4.02204 -0.114689
212 56 4.15331 -0.0876739
212 60 4.24091 -0.0474103

216 0 4.22572 8.37699e-16
216 4 4.19843 0.042081
216 8 4.1207 0.0778029
216 12 4.00425 0.101746
216 16 3.86673 0.110245
216 20 3.72904 0.101959
216 24 3.61218 0.0781041
216 28 3.53403 0.042294
216 32 3.50658 -2.79236e-16
216 36 3.53403 -0.042294
216 40 3.61218 -0.0781041
216 44 3.72904 -0.101959
216 48 3.86673 -0.110245
216 52 4.00425 -0.101746
216 56 4.1207 -0.0778029
216 60 4.19843 -0.042081

220 0 4.18497 1.1169e-15
220 4 4.16076 0.0373392
220 8 4.0918 0.0690252
220 12 3.98852 0.0902468
220 16 3.86658 0.0977596
220 20 3.74454 0.0903887
220 24 3.64098 0.0692258
220 28 3.57175 0.037481
220 32 3.54742 -1.67537e-15
220 36 3.57175 -0.037481
220 40 3.64098 -0.0692258
220 44 3.74454 -0.0903887
220 48 3.86658 -0.0977596
220 52 3.98852 -0.0902468
220 56 4.0918 -0.0690252
220 60 4.16076 -0.0373392

224 0 4.14883 2.79221e-16
224 4 4.12736 0.0331238
224 8 4.06619 0.0612257
224 12 3.9746 0.0800358
224 16 3.86649 0.0866815
224 20 3.7583 0.0801302
224 24 3.66653 0.0613592
224 28 3.60518 0.0332182
224 32 3.58364 -1.67534e-15
224 36 3.60518 -0.0332182
224 40 3.66653 -0.0613592
224 44 3.7583 -0.0801302
224 48 3.86649 -0.0866815
224 52 3.9746 -0.0800358
224 56 4.06619 -0.0612257
224 60 4.12736 -0.0331238

228 0 4.11679 -1.11687e-15
228 4 4.09774 0.0293791
228 8 4.0435 0.0542994
228 12 3.96228 0.0709725
228 16 3.86643 0.0768542
228 20 3.77053 0.0710353
228 24 3.6892 0.0543882
228 28 3.63483 0.0294419
228 32 3.61574 -3.62984e-15
228 36 3.63483 -0.0294419
228 40 3.6892 -0.0543882
228 44 3.77053 -0.0710353
228 48 3.86643 -0.0768542
228 52 3.96228 -0.0709725
228 56 4.0435 -0.0542994
228 60 4.09774 -0.0293791

232 0 4.08838 0
232 4 4.07149 0.0260543
232 8 4.02338 0.0481513
232 12 3.95137 0.0629306
232 16 3.8664 0.0681382
232 20 3.78139 0.0629722
232 24 3.7093 0.0482102
232 28 3.66112 0.026096
232 32 3.6442 1.11686e-15
232 36 3.66112 -0.026096
232 40 3.7093 -0.0482102
232 44 3.78139 -0.0629722
232 48 3.8664 -0.0681382
232 52 3.95137 -0.0629306
232 56 4.02338 -0.0481513
232 60 4.07149 -0.0260543

236 0 4.06319 0
236 4 4.04821 0.0231035
236 8 4.00556 0.0426957
236 12 3.94171 0.0557964
236 16 3.86638 0.0604086
236 20 3.79103 0.0558241
236 24 3.72713 0.0427348
236 28 3.68442 0.0231311
236 32 3.66943 5.58426e-16
236 36 3.68442 -0.0231311
236 40 3.72713 -0.0427348
236 44 3.79103 -0.0558241
236 48 3.86638 -0.0604086
236 52 3.94171 -0.0557964
236 56 4.00556 -0.0426957
236 60 4.04821 -0.0231035

240 0 4.04085 2.23368e-15
240 4 4.02758 0.0204852
240 8 3.98976 0.0378558
240 12 3.93315 0.0494688
240 16 3.86637 0.0535546
240 20 3.79957 0.0494871
240 24 3.74293 0.0378817
240 28 3.70508 0.0205035
240 32 3.69179 -2.79211e-16
240 36 3.70508 -0.0205035
240 40 3.74293 -0.0378817
240 44 3.79957 -0.0494871
240 48 3.86637 -0.0535546
240 52 3.93315 -0.0494688
240 56 3.98976 -0.0378558
240 60 4.02758 -0.0204852

244 0 4.02105 -5.58417e-16
244 4 4.00928 0.0181627
244 8 3.97575 0.033563
244 12 3.92557 0.0438573
244 16 3.86637 0.0474773
244 20 3.80715 0.0438693
244 24 3.75695 0.03358
244 28 3.7234 0.0181748
244 32 3.71162 -1.39605e-15
244 36 3.7234 -0.0181748
244 40 3.75695 -0.03358
244 44 3.80715 -0.0438693
244 48 3.86637 -0.0474773
244 52 3.92557 -0.0438573
244 56 3.97575 -0.033563
244 60 4.00928 -0.0181627

248 0 4.0035 1.95445e-15
248 4 3.99306 0.0161028
248 8 3.96334 0.0297559
248 12 3.91885 0.0388813
248 16 3.86636 0.0420891
248 20 3.81387 0.0388892
248 24 3.76937 0.0297671
248 28 3.73963 0.0161107
248 32 3.72919 0
248 36 3.73963 -0.0161107
248 40 3.76937 -0.0297671
248 44 3.81387 -0.0388892
248 48 3.86636 -0.0420891
248 52 3.91885 -0.0388813
248 56 3.96334 -0.0297559
248 60 3.99306 -0.0161028

252 0 3.98793 -8.3762e-16
252 4 3.97868 0.0142761
252 8 3.95232 0.0263799
252 12 3.91289 0.0344692
252 16 3.86636 0.037312
252 20 3.81983 0.0344744
252 24 3.78038 0.0263872
252 28 3.75402 0.0142813
252 32 3.74476 2.79208e-16
252 36 3.75402 -0.0142813
252 40 3.78038 -0.0263872
252 44 3.81983 -0.0344744
252 48 3.86636 -0.037312
252 52 3.91289 -0.0344692
252 56 3.95232 -0.0263799
252 60 3.97868 -0.0142761

256 0 3.97412 -1.95444e-15
256 4 3.96592 0.0126562
256 8 3.94256 0.0233864
256 12 3.9076 0.0305573
256 16 3.86635 0.0330768
256 20 3.82511 0.0305607
256 24 3.79014 0.0233912
256 28 3.76677 0.0126596
256 32 3.75857 -1.39603e-15
256 36 3.76677 -0.0126596
256 40 3.79014 -0.0233912
256 44 3.82511 -0.0305607
256 48 3.86635 -0.0330768
256 52 3.9076 -0.0305573
256 56 3.94256 -0.0233864
256 60 3.96592 -0.0126562

260 0 3.96188 -1.39603e-15
260 4 3.95461 0.01122
260 8 3.9339 0.0207323
260 12 3.9029 0.027089
260 16 3.86634 0.0293221
260 20 3.82978 0.0270912
260 24 3.79878 0.0207354
260 28 3.77807 0.0112222
260 32 3.7708 -3.35048e-15
260 36 3.77807 -0.0112222
260 40 3.79878 -0.0207354
260 44 3.82978 -0.0270912
260 48 3.86634 -0.0293221
260 52 3.9029 -0.027089
260 56 3.9339 -0.0207323
260 60 3.95461 -0.01122

264 0 3.95102 -2.79206e-16
264 4 3.94457 0.00994659
264 8 3.92621 0.0183792
264 12 3.89874 0.0240142
264 16 3.86633 0.0259935
264 20 3.83391 0.0240156
264 24 3.80644 0.0183812
264 28 3.78808 0.00994799
264 32 3.78163 -5.58412e-16
264 36 3.78808 -0.00994799
264 40 3.80644 -0.0183812
264 44 3.83391 -0.0240156
264 48 3.86633 -0.0259935
264 52 3.89874 -0.0240142
264 56 3.92621 -0.0183792
264 60 3.94457 -0.00994659

268 0 3.94138 -1.11682e-15
268 4 3.93567 0.00881761
268 8 3.91939 0.016293
268 12 3.89504 0.0212882
268 16 3.8663 0.0230427
268 20 3.83757 0.0212891
268 24 3.81322 0.0162943
268 28 3.79694 0.0088185
268 32 3.79123 -2.51285e-15
268 36 3.79694 -0.0088185
268 40 3.81322 -0.0162943
268 44 3.83757 -0.0212891
268 48 3.8663 -0.0230427
268 52 3.89504 -0.0212882
268 56 3.91939 -0.016293
268 60 3.93567 -0.00881761

272 0 3.93283 -1.67523e-15
272 4 3.92776 0.0078167
272 8 3.91334 0.0144435
272 12 3.89175 0.0188716
272 16 3.86628 0.0204268
272 20 3.84081 0.0188721
272 24 3.81922 0.0144443
272 28 3.80479 0.00781726
272 32 3.79972 -3.07126e-15
272 36 3.80479 -0.00781726
272 40 3.81922 -0.0144443
272 44 3.84081 -0.0188721
272 48 3.86628 -0.0204268
272 52 3.89175 -0.0188716
272 56 3.91334 -0.0144435
272 60 3.92776 -0.0078167

276 0 3.92524 0
276 4 3.92075 0.00692936
276 8 3.90796 0.0128039
276 12 3.88882 0.0167292
276 16 3.86625 0.0181077
276 20 3.84367 0.0167295
276 24 3.82453 0.0128043
276 28 3.81174 0.0069297
276 32 3.80725 -2.51285e-15
276 36 3.81174 -0.0069297
276 40 3.82453 -0.0128043
276 44 3.84367 -0.0167295
276 48 3.86625 -0.0181077
276 52 3.88882 -0.0167292
276 56 3.90796 -0.0128039
276 60 3.92075 -0.00692936

280 0 3.91851 1.11682e-15
280 4 3.91452 0.00614271
280 8 3.90319 0.0113503
280 12 3.88622 0.01483
280 16 3.86621 0.0160519
280 20 3.8462 0.0148302
280 24 3.82923 0.0113506
280 28 3.81789 0.00614291
280 32 3.81391 -2.79205e-16
280 36 3.81789 -0.00614291
280 40 3.82923 -0.0113506
280 44 3.8462 -0.0148302
280 48 3.86621 -0.0160519
280 52 3.88622 -0.01483
280 56 3.90319 -0.0113503
280 60 3.91452 -0.00614271

284 0 3.91253 0
284 4 3.909 0.00544533
284 8 3.89895 0.0100617
284 12 3.88391 0.0131463
284 16 3.86617 0.0142295
284 20 3.84843 0.0131464
284 24 3.83339 0.0100618
284 28 3.82334 0.00544545
284 32 3.81981 0
284 36 3.82334 -0.00544545
284 40 3.83339 -0.0100618
284 44 3.84843 -0.0131464
284 48 3.86617 -0.0142295
284 52 3.88391 -0.0131463
284 56 3.89895 -0.0100617
284 60 3.909 -0.00544533

288 0 3.90722 8.37614e-16
288 4 3.90409 0.0048271
288 8 3.89518 0.00891934
288 12 3.88185 0.0116537
288 16 3.86612 0.0126139
288 20 3.85039 0.0116538
288 24 3.83706 0.00891942
288 28 3.82815 0.00482717
288 32 3.82503 -1.11682e-15
288 36 3.82815 -0.00482717
288 40 3.83706 -0.00891942
288 44 3.85039 -0.0116538
288 48 3.86612 -0.0126139
288 52 3.88185 -0.0116537
288 56 3.89518 -0.00891934
288 60 3.90409 -0.0048271

292 0 3.9025 2.23364e-15
292 4 3.89973 0.00427904
292 8 3.89183 0.00790665
292 12 3.88001 0.0103305
292 16 3.86607 0.0111817
292 20 3.85213 0.0103306
292 24 3.84031 0.00790669
292 28 3.83242 0.00427907
292 32 3.82964 -1.67523e-15
292 36 3.83242 -0.00427907
292 40 3.84031 -0.00790669
292 44 3.85213 -0.0103306
292 48 3.86607 -0.0111817
292 52 3.88001 -0.0103305
292 56 3.89183 -0.00790665
292 60 3.89973 -0.00427904

296 0 3.89831 1.67523e-15
296 4 3.89585 0.00379319
296 8 3.88885 0.00700891
296 12 3.87838 0.00915759
296 16 3.86602 0.0099121
296 20 3.85366 0.00915759
296 24 3.84319 0.00700892
296 28 3.83619 0.0037932
296 32 3.83373 -1.67523e-15
296 36 3.83619 -0.0037932
296 40 3.84319 -0.00700892
296 44 3.85366 -0.00915759
296 48 3.86602 -0.0099121
296 52 3.87838 -0.00915759
296 56 3.88885 -0.00700891
296 60 3.89585 -0.00379319

300 0 3.89459 0
300 4 3.89241 0.00336249
300 8 3.88621 0.00621307
300 12 3.87692 0.00811777
300 16 3.86597 0.00878661
300 20 3.85501 0.00811777
300 24 3.84572 0.00621307
300 28 3.83952 0.00336249
300 32 3.83734 -1.67523e-15
300 36 3.83952 -0.00336249
300 40 3.84572 -0.00621307
300 44 3.85501 -0.00811777
300 48 3.86597 -0.00878661
300 52 3.87692 -0.00811777
300 56 3.88621 -0.00621307
300 60 3.89241 -0.00336249

304 0 3.89129 -8.37613e-16
304 4 3.88935 0.00298068
304 8 3.88385 0.00550758
304 12 3.87562 0.007196
304 16 3.86591 0.00778889
304 20 3.8562 0.00719599
304 24 3.84797 0.00550757
304 28 3.84247 0.00298067
304 32 3.84054 0
304 36 3.84247 -0.00298067
304 40 3.84797 -0.00550757
304 44 3.8562 -0.00719599
304 48 3.86591 -0.00778889
304 52 3.87562 -0.007196
304 56 3.88385 -0.00550758
304 60 3.88935 -0.00298068

308 0 3.88835 5.58408e-16
308 4 3.88664 0.00264222
308 8 3.88176 0.00488218
308 12 3.87446 0.00637887
308 16 3.86586 0.00690443
308 20 3.85725 0.00637886
308 24 3.84995 0.00488216
308 28 3.84508 0.00264221
308 32 3.84336 5.58408e-16
308 36 3.84508 -0.00264221
308 40 3.84995 -0.00488216
308 44 3.85725 -0.00637886
308 48 3.86586 -0.00690443
308 52 3.87446 -0.00637887
308 56 3.88176 -0.00488218
308 60 3.88664 -0.00264222

312 0 3.88574 0
312 4 3.88423 0.00234218
312 8 3.8799 0.00432777
312 12 3.87344 0.00565451
312 16 3.8658 0.00612039
312 20 3.85817 0.0056545
312 24 3.85171 0.00432776
312 28 3.84738 0.00234217
312 32 3.84587 -2.23363e-15
312 36 3.84738 -0.00234217
312 40 3.85171 -0.00432776
312 44 3.85817 -0.0056545
312 48 3.8658 -0.00612039
312 52 3.87344 -0.00565451
312 56 3.8799 -0.00432777
312 60 3.88423 -0.00234218

316 0 3.88343 -2.79204e-16
316 4 3.88208 0.0020762
316 8 3.87825 0.00383632
316 12 3.87252 0.00501239
316 16 3.86575 0.00542536
316 20 3.85899 0.00501238
316 24 3.85326 0.0038363
316 28 3.84943 0.00207619
316 32 3.84808 0
316 36 3.84943 -0.00207619
316 40 3.85326 -0.0038363
316 44 3.85899 -0.00501238
316 48 3.86575 -0.00542536
316 52 3.87252 -0.00501239
316 56 3.87825 -0.00383632
316 60 3.88208 -0.0020762

320 0 3.88138 -1.11681e-15
320 4 3.88018 0.00184043
320 8 3.87679 0.00340066
320 12 3.8717 0.00444318
320 16 3.86571 0.00480925
320 20 3.85971 0.00444317
320 24 3.85463 0.00340065
320 28 3.85123 0.00184042
320 32 3.85004 2.79204e-16
320 36 3.85123 -0.00184042
320 40 3.85463 -0.00340065
320 44 3.85971 -0.00444317
320 48 3.86571 -0.00480925
320 52 3.8717 -0.00444318
320 56 3.87679 -0.00340066
320 60 3.88018 -0.00184043

324 0 3.87955 0
324 4 3.8785 0.00163142
324 8 3.87549 0.00301448
324 12 3.87098 0.0039386
324 16 3.86567 0.00426311
324 20 3.86035 0.00393859
324 24 3.85584 0.00301447
324 28 3.85283 0.00163142
324 32 3.85178 -1.95443e-15
324 36 3.85283 -0.00163142
324 40 3.85584 -0.00301447
324 44 3.86035 -0.00393859
324 48 3.86567 -0.00426311
324 52 3.87098 -0.0039386
324 56 3.87549 -0.00301448
324 60 3.8785 -0.00163142

328 0 3.87794 0
328 4 3.877 0.00144615
328 8 3.87433 0.00267214
328 12 3.87034 0.00349132
328 16 3.86563 0.00377898
328 20 3.86092 0.00349131
328 24 3.85692 0.00267213
328 28 3.85425 0.00144615
328 32 3.85332 -2.79204e-16
328 36 3.85425 -0.00144615
328 40 3.85692 -0.00267213
328 44 3.86092 -0.00349131
328 48 3.86563 -0.00377898
328 52 3.87034 -0.00349132
328 56 3.87433 -0.00267214
328 60 3.877 -0.00144615

332 0 3.87651 -2.79203e-16
332 4 3.87568 0.00128193
332 8 3.87331 0.00236869
332 12 3.86977 0.00309484
332 16 3.8656 0.00334983
332 20 3.86142 0.00309483
332 24 3.85788 0.00236868
332 28 3.85551 0.00128192
332 32 3.85468 -1.67522e-15
332 36 3.85551 -0.00128192
332 40 3.85788 -0.00236868
332 44 3.86142 -0.00309483
332 48 3.8656 -0.00334983
332 52 3.86977 -0.00309484
332 56 3.87331 -0.00236869
332 60 3.87568 -0.00128193

336 0 3.87524 -2.79203e-15
336 4 3.87451 0.00113635
336 8 3.87241 0.00209969
336 12 3.86927 0.00274338
336 16 3.86557 0.00296941
336 20 3.86187 0.00274338
336 24 3.85873 0.00209969
336 28 3.85663 0.00113634
336 32 3.8559 0
336 36 3.85663 -0.00113634
336 40 3.85873 -0.00209969
336 44 3.86187 -0.00274338
336 48 3.86557 -0.00296941
336 52 3.86927 -0.00274338
336 56 3.87241 -0.00209969
336 60 3.87451 -0.00113635

340 0 3.87413 -1.39602e-15
340 4 3.87347 0.0010073
340 8 3.87162 0.00186125
340 12 3.86883 0.00243184
340 16 3.86555 0.0026322
340 20 3.86227 0.00243184
340 24 3.85949 0.00186125
340 28 3.85763 0.0010073
340 32 3.85698 2.79204e-16
340 36 3.85763 -0.0010073
340 40 3.85949 -0.00186125
340 44 3.86227 -0.00243184
340 48 3.86555 -0.0026322
340 52 3.86883 -0.00243184
340 56 3.87162 -0.00186125
340 60 3.87347 -0.0010073

344 0 3.87314 -1.39602e-15
344 4 3.87256 0.000892914
344 8 3.87092 0.00164989
344 12 3.86845 0.00215568
344 16 3.86554 0.00233329
344 20 3.86263 0.00215568
344 24 3.86017 0.00164988
344 28 3.85852 0.000892911
344 32 3.85794 -1.39602e-15
344 36 3.85852 -0.000892911
344 40 3.86017 -0.00164988
344 44 3.86263 -0.00215568
344 48 3.86554 -0.00233329
344 52 3.86845 -0.00215568
344 56 3.87092 -0.00164989
344 60 3.87256 -0.000892914

348 0 3.87227 -5.58407e-16
348 4 3.87176 0.000791517
348 8 3.8703 0.00146253
348 12 3.86812 0.00191089
348 16 3.86554 0.00206833
348 20 3.86296 0.00191089
348 24 3.86077 0.00146253
348 28 3.85931 0.000791514
348 32 3.8588 -1.11681e-15
348 36 3.85931 -0.000791514
348 40 3.86077 -0.00146253
348 44 3.86296 -0.00191089
348 48 3.86554 -0.00206833
348 52 3.86812 -0.00191089
348 56 3.8703 -0.00146253
348 60 3.87176 -0.000791517

352 0 3.87151 0
352 4 3.87106 0.000701636
352 8 3.86976 0.00129645
352 12 3.86783 0.0016939
352 16 3.86554 0.00183346
352 20 3.86325 0.0016939
352 24 3.86132 0.00129645
352 28 3.86002 0.000701634
352 32 3.85957 -1.67522e-15
352 36 3.86002 -0.000701634
352 40 3.86132 -0.00129645
352 44 3.86325 -0.0016939
352 48 3.86554 -0.00183346
352 52 3.86783 -0.0016939
352 56 3.86976 -0.00129645
352 60 3.87106 -0.000701636

356 0 3.87085 0
356 4 3.87044 0.000621964
356 8 3.8693 0.00114924
356 12 3.86758 0.00150155
356 16 3.86555 0.00162527
356 20 3.86353 0.00150155
356 24 3.86181 0.00114924
356 28 3.86066 0.000621962
356 32 3.86026 -1.39602e-15
356 36 3.86066 -0.000621962
356 40 3.86181 -0.00114924
356 44 3.86353 -0.00150155
356 48 3.86555 -0.00162527
356 52 3.86758 -0.00150155
356 56 3.8693 -0.00114924
356 60 3.87044 -0.000621964

360 0 3.87026 2.79204e-16
360 4 3.86991 0.000551339
360 8 3.86889 0.00101874
360 12 3.86737 0.00133105
360 16 3.86557 0.00144072
360 20 3.86377 0.00133105
360 24 3.86225 0.00101874
360 28 3.86123 0.000551338
360 32 3.86088 -2.79204e-15
360 36 3.86123 -0.000551338
360 40 3.86225 -0.00101874
360 44 3.86377 -0.00133105
360 48 3.86557 -0.00144072
360 52 3.86737 -0.00133105
360 56 3.86889 -0.00101874
360 60 3.86991 -0.000551339

364 0 3.86976 -1.95443e-15
364 4 3.86944 0.000488736
364 8 3.86854 0.000903066
364 12 3.86719 0.00117991
364 16 3.8656 0.00127713
364 20 3.864 0.00117991
364 24 3.86265 0.000903064
364 28 3.86175 0.000488735
364 32 3.86144 0
364 36 3.86175 -0.000488735
364 40 3.86265 -0.000903064
364 44 3.864 -0.00117991
364 48 3.8656 -0.00127713
364 52 3.86719 -0.00117991
364 56 3.86854 -0.000903066
364 60 3.86944 -0.000488736

368 0 3.86932 2.79205e-16
368 4 3.86904 0.000433242
368 8 3.86824 0.000800526
368 12 3.86704 0.00104594
368 16 3.86563 0.00113211
368 20 3.86422 0.00104594
368 24 3.86302 0.000800525
368 28 3.86222 0.000433241
368 32 3.86194 0
368 36 3.86222 -0.000433241
368 40 3.86302 -0.000800525
368 44 3.86422 -0.00104594
368 48 3.86563 -0.00113211
368 52 3.86704 -0.00104594
368 56 3.86824 -0.000800526
368 60 3.86904 -0.000433242

372 0 3.86894 -1.39602e-15
372 4 3.86869 0.000384049
372 8 3.86798 0.00070963
372 12 3.86692 0.000927177
372 16 3.86567 0.00100357
372 20 3.86442 0.000927176
372 24 3.86336 0.00070963
372 28 3.86265 0.000384049
372 32 3.8624 -2.79205e-16
372 36 3.86265 -0.000384049
372 40 3.86336 -0.00070963
372 44 3.86442 -0.000927176
372 48 3.86567 -0.00100357
372 52 3.86692 -0.000927177
372 56 3.86798 -0.00070963
372 60 3.86869 -0.000384049

376 0 3.86861 0
376 4 3.86839 0.000340443
376 8 3.86776 0.000629056
376 12 3.86682 0.000821902
376 16 3.86571 0.00088962
376 20 3.8646 0.000821901
376 24 3.86366 0.000629056
376 28 3.86304 0.000340442
376 32 3.86281 -2.79205e-16
376 36 3.86304 -0.000340442
376 40 3.86366 -0.000629056
376 44 3.8646 -0.000821901
376 48 3.86571 -0.00088962
376 52 3.86682 -0.000821902
376 56 3.86776 -0.000629056
376 60 3.86839 -0.000340443

380 0 3.86833 1.39603e-15
380 4 3.86814 0.000301788
380 8 3.86758 0.000557631
380 12 3.86675 0.00072858
380 16 3.86576 0.000788609
380 20 3.86478 0.00072858
380 24 3.86395 0.000557631
380 28 3.86339 0.000301788
380 32 3.86319 0
380 36 3.86339 -0.000301788
380 40 3.86395 -0.000557631
380 44 3.86478 -0.00072858
380 48 3.86576 -0.000788609
380 52 3.86675 -0.00072858
380 56 3.86758 -0.000557631
380 60 3.86814 -0.000301788

384 0 3.86809 8.37618e-16
384 4 3.86792 0.000267522
384 8 3.86743 0.000494316
384 12 3.86669 0.000645855
384 16 3.86582 0.000699068
384 20 3.86494 0.000645855
384 24 3.86421 0.000494316
384 28 3.86371 0.000267522
384 32 3.86354 0
384 36 3.86371 -0.000267522
384 40 3.86421 -0.000494316
384 44 3.86494 -0.000645855
384 48 3.86582 -0.000699068
384 52 3.86669 -0.000645855
384 56 3.86743 -0.000494316
384 60 3.86792 -0.000267522

388 0 3.86789 -5.58412e-16
388 4 3.86774 0.000237147
388 8 3.8673 0.00043819
388 12 3.86665 0.000572523
388 16 3.86587 0.000619694
388 20 3.8651 0.000572522
388 24 3.86445 0.000438189
388 28 3.86401 0.000237146
388 32 3.86385 2.51286e-15
388 36 3.86401 -0.000237146
388 40 3.86445 -0.000438189
388 44 3.8651 -0.000572522
388 48 3.86587 -0.000619694
388 52 3.86665 -0.000572523
388 56 3.8673 -0.00043819
388 60 3.86774 -0.000237147

392 0 3.86772 -5.58413e-16
392 4 3.86759 0.00021022
392 8 3.8672 0.000388436
392 12 3.86662 0.000507516
392 16 3.86593 0.000549331
392 20 3.86525 0.000507516
392 24 3.86467 0.000388436
392 28 3.86428 0.00021022
392 32 3.86414 2.79206e-16
392 36 3.86428 -0.00021022
392 40 3.86467 -0.000388436
392 44 3.86525 -0.000507516
392 48 3.86593 -0.000549331
392 52 3.86662 -0.000507516
392 56 3.8672 -0.000388436
392 60 3.86759 -0.00021022

396 0 3.86758 0
396 4 3.86746 0.00018635
396 8 3.86711 0.000344331
396 12 3.8666 0.00044989
396 16 3.86599 0.000486957
396 20 3.86539 0.000449889
396 24 3.86487 0.00034433
396 28 3.86453 0.00018635
396 32 3.86441 5.58414e-16
396 36 3.86453 -0.00018635
396 40 3.86487 -0.00034433
396 44 3.86539 -0.000449889
396 48 3.86599 -0.000486957
396 52 3.8666 -0.00044989
396 56 3.86711 -0.000344331
396 60 3.86746 -0.00018635

400 0 3.86746 0
400 4 3.86735 0.000165191
400 8 3.86705 0.000305233
400 12 3.86659 0.000398806
400 16 3.86605 0.000431664
400 20 3.86552 0.000398806
400 24 3.86506 0.000305233
400 28 3.86475 0.000165191
400 32 3.86465 -1.39604e-15
400 36 3.86475 -0.000165191
400 40 3.86506 -0.000305233
400 44 3.86552 -0.000398806
400 48 3.86605 -0.000431664
400 52 3.86659 -0.000398806
400 56 3.86705 -0.000305233
400 60 3.86735 -0.000165191

404 0 3.86736 1.95445e-15
404 4 3.86727 0.000146434
404 8 3.867 0.000270574
404 12 3.86659 0.000353522
404 16 3.86611 0.000382649
404 20 3.86564 0.000353522
404 24 3.86523 0.000270574
404 28 3.86496 0.000146434
404 32 3.86487 1.11683e-15
404 36 3.86496 -0.000146434
404 40 3.86523 -0.000270574
404 44 3.86564 -0.000353522
404 48 3.86611 -0.000382649
404 52 3.86659 -0.000353522
404 56 3.867 -0.000270574
404 60 3.86727 -0.000146434

408 0 3.86728 -1.39604e-15
408 4 3.86719 0.000129806
408 8 3.86696 0.00023985
408 12 3.8666 0.00031338
408 16 3.86617 0.0003392
408 20 3.86575 0.00031338
408 24 3.86539 0.00023985
408 28 3.86515 0.000129806
408 32 3.86507 -2.79207e-16
408 36 3.86515 -0.000129806
408 40 3.86539 -0.00023985
408 44 3.86575 -0.00031338
408 48 3.86617 -0.0003392
408 52 3.8666 -0.00031338
408 56 3.86696 -0.00023985
408 60 3.86719 -0.000129806

412 0 3.86721 2.79208e-16
412 4 3.86714 0.000115067
412 8 3.86692 0.000212615
412 12 3.86661 0.000277795
412 16 3.86623 0.000300683
412 20 3.86586 0.000277795
412 24 3.86554 0.000212615
412 28 3.86533 0.000115066
412 32 3.86525 1.67525e-15
412 36 3.86533 -0.000115066
412 40 3.86554 -0.000212615
412 44 3.86586 -0.000277795
412 48 3.86623 -0.000300683
412 52 3.86661 -0.000277795
412 56 3.86692 -0.000212615
412 60 3.86714 -0.000115067

416 0 3.86715 -8.37623e-16
416 4 3.86709 0.000102001
416 8 3.8669 0.000188473
416 12 3.86662 0.000246251
416 16 3.86628 0.000266541
416 20 3.86595 0.000246251
416 24 3.86567 0.000188473
416 28 3.86548 0.000102001
416 32 3.86542 -2.79208e-16
416 36 3.86548 -0.000102001
416 40 3.86567 -0.000188473
416 44 3.86595 -0.000246251
416 48 3.86628 -0.000266541
416 52 3.86662 -0.000246251
416 56 3.8669 -0.000188473
416 60 3.86709 -0.000102001

420 0 3.8671 0
420 4 3.86704 9.04187e-05
420 8 3.86688 0.000167072
420 12 3.86663 0.00021829
420 16 3.86633 0.000236276
420 20 3.86604 0.00021829
420 24 3.86579 0.000167072
420 28 3.86562 9.04187e-05
420 32 3.86556 -2.79208e-16
420 36 3.86562 -9.04187e-05
420 40 3.86579 -0.000167072
420 44 3.86604 -0.00021829
420 48 3.86633 -0.000236276
420 52 3.86663 -0.00021829
420 56 3.86688 -0.000167072
420 60 3.86704 -9.04187e-05

424 0 3.86706 1.39604e-15
424 4 3.86701 8.01524e-05
424 8 3.86686 0.000148102
424 12 3.86664 0.000193505
424 16 3.86638 0.000209448
424 20 3.86612 0.000193505
424 24 3.8659 0.000148102
424 28 3.86575 8.01524e-05
424 32 3.8657 0
424 36 3.86575 -8.01524e-05
424 40 3.8659 -0.000148102
424 44 3.86612 -0.000193505
424 48 3.86638 -0.000209448
424 52 3.86664 -0.000193505
424 56 3.86686 -0.000148102
424 60 3.86701 -8.01524e-05

428 0 3.86702 2.23366e-15
428 4 3.86698 7.10526e-05
428 8 3.86684 0.000131288
428 12 3.86665 0.000171536
428 16 3.86642 0.000185669
428 20 3.86619 0.000171536
428 24 3.86599 0.000131288
428 28 3.86586 7.10526e-05
428 32 3.86581 -1.11683e-15
428 36 3.86586 -7.10526e-05
428 40 3.86599 -0.000131288
428 44 3.86619 -0.000171536
428 48 3.86642 -0.000185669
428 52 3.86665 -0.000171536
428 56 3.86684 -0.000131288
428 60 3.86698 -7.10526e-05

432 0 3.86699 0
432 4 3.86695 6.29873e-05
432 8 3.86683 0.000116385
432 12 3.86666 0.000152065
432 16 3.86645 0.000164594
432 20 3.86624 0.000152065
432 24 3.86607 0.000116385
432 28 3.86595 6.29873e-05
432 32 3.86591 -3.07129e-15
432 36 3.86595 -6.29873e-05
432 40 3.86607 -0.000116385
432 44 3.86624 -0.000152065
432 48 3.86645 -0.000164594
432 52 3.86666 -0.000152065
432 56 3.86683 -0.000116385
432 60 3.86695 -6.29873e-05

436 0 3.86695 3.6297e-15
436 4 3.86692 5.58396e-05
436 8 3.86681 0.000103178
436 12 3.86666 0.000134809
436 16 3.86648 0.000145916
436 20 3.86629 0.000134809
436 24 3.86614 0.000103178
436 28 3.86604 5.58396e-05
436 32 3.866 0
436 36 3.86604 -5.58396e-05
436 40 3.86614 -0.000103178
436 44 3.86629 -0.000134809
436 48 3.86648 -0.000145916
436 52 3.86666 -0.000134809
436 56 3.86681 -0.000103178
436 60 3.86692 -5.58396e-05

440 0 3.86692 2.79207e-16
440 4 3.86689 4.95062e-05
440 8 3.86679 9.14756e-05
440 12 3.86666 0.000119519
440 16 3.8665 0.000129366
440 20 3.86634 0.000119519
440 24 3.8662 9.14755e-05
440 28 3.86611 4.95062e-05
440 32 3.86608 2.79207e-16
440 36 3.86611 -4.95062e-05
440 40 3.8662 -9.14755e-05
440 44 3.86634 -0.000119519
440 48 3.8665 -0.000129366
440 52 3.86666 -0.000119519
440 56 3.86679 -9.14756e-05
440 60 3.86689 -4.95062e-05

444 0 3.86688 2.23366e-15
444 4 3.86685 4.38959e-05
444 8 3.86677 8.11091e-05
444 12 3.86665 0.000105974
444 16 3.86651 0.000114706
444 20 3.86637 0.000105974
444 24 3.86625 8.1109e-05
444 28 3.86616 4.38959e-05
444 32 3.86614 2.23366e-15
444 36 3.86616 -4.38959e-05
444 40 3.86625 -8.1109e-05
444 44 3.86637 -0.000105974
444 48 3.86651 -0.000114706
444 52 3.86665 -0.000105974
444 56 3.86677 -8.11091e-05
444 60 3.86685 -4.38959e-05

448 0 3.86685 1.39603e-15
448 4 3.86682 3.89284e-05
448 8 3.86675 7.19303e-05
448 12 3.86664 9.39815e-05
448 16 3.86652 0.000101725
448 20 3.86639 9.39815e-05
448 24 3.86628 7.19303e-05
448 28 3.86621 3.89284e-05
448 32 3.86618 2.79207e-16
448 36 3.86621 -3.89284e-05
448 40 3.86628 -7.19303e-05
448 44 3.86639 -9.39815e-05
448 48 3.86652 -0.000101725
448 52 3.86664 -9.39815e-05
448 56 3.86675 -7.19303e-05
448 60 3.86682 -3.89284e-05

452 0 3.86681 1.11683e-15
452 4 3.86679 3.45335e-05
452 8 3.86672 6.38096e-05
452 12 3.86663 8.33712e-05
452 16 3.86651 9.02403e-05
452 20 3.8664 8.33712e-05
452 24 3.86631 6.38095e-05
452 28 3.86624 3.45335e-05
452 32 3.86622 1.39603e-15
452 36 3.86624 -3.45335e-05
452 40 3.86631 -6.38095e-05
452 44 3.8664 -8.33712e-05
452 48 3.86651 -9.02403e-05
452 52 3.86663 -8.33712e-05
452 56 3.86672 -6.38096e-05
452 60 3.86679 -3.45335e-05

456 0 3.86677 1.39603e-15
456 4 3.86675 3.06501e-05
456 8 3.86669 5.66341e-05
456 12 3.86661 7.3996e-05
456 16 3.86651 8.00927e-05
456 20 3.86641 7.3996e-05
456 24 3.86632 5.66341e-05
456 28 3.86627 3.06501e-05
456 32 3.86625 1.39603e-15
456 36 3.86627 -3.06501e-05
456 40 3.86632 -5.66341e-05
456 44 3.86641 -7.3996e-05
456 48 3.86651 -8.00927e-05
456 52 3.86661 -7.3996e-05
456 56 3.86669 -5.66341e-05
456 60 3.86675 -3.06501e-05

460 0 3.86672 2.79206e-15
460 4 3.8667 2.72263e-05
460 8 3.86665 5.03077e-05
460 12 3.86658 6.57302e-05
460 16 3.86649 7.11458e-05
460 20 3.8664 6.57302e-05
460 24 3.86633 5.03077e-05
460 28 3.86628 2.72263e-05
460 32 3.86626 0
460 36 3.86628 -2.72263e-05
460 40 3.86633 -5.03077e-05
460 44 3.8664 -6.57302e-05
460 48 3.86649 -7.11458e-05
460 52 3.86658 -6.57302e-05
460 56 3.86665 -5.03077e-05
460 60 3.8667 -2.72263e-05

464 0 3.86667 0
464 4 3.86666 2.42188e-05
464 8 3.86661 4.47504e-05
464 12 3.86655 5.84693e-05
464 16 3.86647 6.32867e-05
464 20 3.86639 5.84693e-05
464 24 3.86633 4.47504e-05
464 28 3.86628 2.42188e-05
464 32 3.86627 -1.39603e-15
464 36 3.86628 -2.42188e-05
464 40 3.86633 -4.47504e-05
464 44 3.86639 -5.84693e-05
464 48 3.86647 -6.32867e-05
464 52 3.86655 -5.84693e-05
464 56 3.86661 -4.47504e-05
464 60 3.86666 -2.42188e-05

468 0 3.86662 5.5841e-16
468 4 3.86661 2.15934e-05
468 8 3.86657 3.98995e-05
468 12 3.86651 5.21312e-05
468 16 3.86644 5.64264e-05
468 20 3.86637 5.21312e-05
468 24 3.86632 3.98995e-05
468 28 3.86628 2.15934e-05
468 32 3.86626 8.37615e-16
468 36 3.86628 -2.15934e-05
468 40 3.86632 -3.98995e-05
468 44 3.86637 -5.21312e-05
468 48 3.86644 -5.64264e-05
468 52 3.86651 -5.21312e-05
468 56 3.86657 -3.98995e-05
468 60 3.86661 -2.15934e-05

472 0 3.86657 0
472 4 3.86656 1.93266e-05
472 8 3.86652 3.57109e-05
472 12 3.86647 4.66586e-05
472 16 3.86641 5.05029e-05
472 20 3.86635 4.66586e-05
472 24 3.8663 3.57109e-05
472 28 3.86626 1.93266e-05
472 32 3.86625 5.58409e-16
472 36 3.86626 -1.93266e-05
472 40 3.8663 -3.57109e-05
472 44 3.86635 -4.66586e-05
472 48 3.86641 -5.05029e-05
472 52 3.86647 -4.66586e-05
472 56 3.86652 -3.57109e-05
472 60 3.86656 -1.93266e-05

476 0 3.86651 0
476 4 3.8665 1.74067e-05
476 8 3.86647 3.21634e-05
476 12 3.86643 4.20235e-05
476 16 3.86637 4.54859e-05
476 20 3.86632 4.20235e-05
476 24 3.86627 3.21634e-05
476 28 3.86624 1.74067e-05
476 32 3.86623 8.37613e-16
476 36 3.86624 -1.74067e-05
476 40 3.86627 -3.21634e-05
476 44 3.86632 -4.20235e-05
476 48 3.86637 -4.54859e-05
476 52 3.86643 -4.20235e-05
476 56 3.86647 -3.21634e-05
476 60 3.8665 -1.74067e-05

480 0 3.86645 -1.95443e-15
480 4 3.86644 1.58373e-05
480 8 3.86642 2.92636e-05
480 12 3.86638 3.82347e-05
480 16 3.86633 4.13849e-05
480 20 3.86628 3.82347e-05
480 24 3.86624 2.92636e-05
480 28 3.86622 1.58373e-05
480 32 3.86621 0
480 36 3.86622 -1.58373e-05
480 40 3.86624 -2.92636e-05
480 44 3.86628 -3.82347e-05
480 48 3.86633 -4.13849e-05
480 52 3.86638 -3.82347e-05
480 56 3.86642 -2.92636e-05
480 60 3.86644 -1.58373e-05

484 0 3.86639 -2.79203e-16
484 4 3.86638 1.46419e-05
484 8 3.86636 2.70547e-05
484 12 3.86632 3.53487e-05
484 16 3.86628 3.82611e-05
484 20 3.86624 3.53486e-05
484 24 3.86621 2.70547e-05
484 28 3.86618 1.46419e-05
484 32 3.86618 0
484 36 3.86618 -1.46419e-05
484 40 3.86621 -2.70547e-05
484 44 3.86624 -3.53486e-05
484 48 3.86628 -3.82611e-05
484 52 3.86632 -3.53487e-05
484 56 3.86636 -2.70547e-05
484 60 3.86638 -1.46419e-05

488 0 3.86633 0
488 4 3.86632 1.38692e-05
488 8 3.8663 2.56269e-05
488 12 3.86627 3.34831e-05
488 16 3.86623 3.62419e-05
488 20 3.8662 3.34831e-05
488 24 3.86617 2.56269e-05
488 28 3.86615 1.38692e-05
488 32 3.86614 5.58406e-16
488 36 3.86615 -1.38692e-05
488 40 3.86617 -2.56269e-05
488 44 3.8662 -3.34831e-05
488 48 3.86623 -3.62419e-05
488 52 3.86627 -3.34831e-05
488 56 3.8663 -2.56269e-05
488 60 3.86632 -1.38692e-05

492 0 3.86626 0
492 4 3.86626 1.35973e-05
492 8 3.86624 2.51246e-05
492 12 3.86621 3.28269e-05
492 16 3.86618 3.55316e-05
492 20 3.86615 3.28269e-05
492 24 3.86613 2.51246e-05
492 28 3.86611 1.35973e-05
492 32 3.8661 2.79203e-16
492 36 3.86611 -1.35973e-05
492 40 3.86613 -2.51246e-05
492 44 3.86615 -3.28269e-05
492 48 3.86618 -3.55316e-05
492 52 3.86621 -3.28269e-05
492 56 3.86624 -2.51246e-05
492 60 3.86626 -1.35973e-05

496 0 3.8662 -1.67521e-15
496 4 3.86619 1.39232e-05
496 8 3.86618 2.57267e-05
496 12 3.86615 3.36135e-05
496 16 3.86613 3.6383e-05
496 20 3.86611 3.36135e-05
496 24 3.86608 2.57267e-05
496 28 3.86607 1.39232e-05
496 32 3.86607 1.39601e-15
496 36 3.86607 -1.39232e-05
496 40 3.86608 -2.57267e-05
496 44 3.86611 -3.36135e-05
496 48 3.86613 -3.6383e-05
496 52 3.86615 -3.36135e-05
496 56 3.86618 -2.57267e-05
496 60 3.86619 -1.39232e-05

500 0 3.86613 2.79202e-16
500 4 3.86612 1.48845e-05
500 8 3.86611 2.7503e-05
500 12 3.8661 3.59344e-05
500 16 3.86608 3.88951e-05
500 20 3.86606 3.59344e-05
500 24 3.86604 2.7503e-05
500 28 3.86603 1.48845e-05
500 32 3.86603 2.79202e-16
500 36 3.86603 -1.48845e-05
500 40 3.86604 -2.7503e-05
500 44 3.86606 -3.59344e-05
500 48 3.86608 -3.88951e-05
500 52 3.8661 -3.59344e-05
500 56 3.86611 -2.7503e-05
500 60 3.86612 -1.48845e-05

504 0 3.86606 -1.67521e-15
504 4 3.86605 1.61206e-05
504 8 3.86605 2.97869e-05
504 12 3.86604 3.89185e-05
504 16 3.86602 4.21251e-05
504 20 3.86601 3.89185e-05
504 24 3.866 2.97869e-05
504 28 3.86599 1.61206e-05
504 32 3.86599 1.67521e-15
504 36 3.86599 -1.61206e-05
504 40 3.866 -2.97869e-05
504 44 3.86601 -3.89185e-05
504 48 3.86602 -4.21251e-05
504 52 3.86604 -3.89185e-05
504 56 3.86605 -2.97869e-05
504 60 3.86605 -1.61206e-05

508 0 3.86599 -5.58404e-16
508 4 3.86599 1.5551e-05
508 8 3.86598 2.87344e-05
508 12 3.86598 3.75433e-05
508 16 3.86597 4.06366e-05
508 20 3.86596 3.75433e-05
508 24 3.86596 2.87344e-05
508 28 3.86595 1.5551e-05
508 32 3.86595 0
508 36 3.86595 -1.5551e-05
508 40 3.86596 -2.87344e-05
508 44 3.86596 -3.75433e-05
508 48 3.86597 -4.06366e-05
508 52 3.86598 -3.75433e-05
508 56 3.86598 -2.87344e-05
508 60 3.86599 -1.5551e-05

