0 1.02696e-15
1 3.19189e-16
2 -1.09635e-15
3 -8.88178e-16
4 1.9984e-15
5 1.83187e-15
6 7.07767e-16
7 -3.19189e-16
8 1.33227e-15
9 -1.26288e-15
10 -1.51268e-15
11 1.19349e-15
12 1.60982e-15
13 7.91034e-16
14 9.85323e-16
15 -3.19189e-16
16 1.19349e-15
17 0
18 -8.60423e-16
19 -5.96745e-16
20 1.41553e-15
21 1.69309e-15
22 -1.81799e-15
23 -1.51268e-15
24 1.04083e-15
25 -1.05471e-15
26 6.38378e-16
27 -6.10623e-16
28 -4.71845e-16
29 -9.71445e-16
30 -2.22045e-16
31 -3.88578e-16
32 4.85723e-16
33 -9.57567e-16
34 -5.55112e-17
35 -2.08167e-16
36 3.747e-16
37 4.16334e-16
38 4.85723e-16
39 -1.80411e-16
40 -4.71845e-16
41 -1.02696e-15
42 -1.76248e-15
43 -9.02056e-16
44 -1.38778e-15
45 -9.02056e-16
46 -1.4988e-15
47 3.88578e-16
48 1.13798e-15
49 7.35523e-16
50 -7.49401e-16
51 -1.19349e-15
52 4.44089e-16
53 -3.33067e-16
54 3.19189e-16
55 -6.245e-16
56 -8.74301e-16
57 2.77556e-16
58 5.96745e-16
59 3.60822e-16
60 0
61 4.71845e-16
62 7.77156e-16
63 1.66533e-16
64 -1.4988e-15
65 -1.249e-15
66 -1.20737e-15
67 -1.29063e-15
68 9.4369e-16
69 -1.11022e-15
70 -1.05471e-15
71 1.16573e-15
72 -4.57967e-16
73 -5.55112e-17
74 -1.02696e-15
75 -6.93889e-17
76 7.63278e-16
77 1.88738e-15
78 -5.27356e-16
79 -6.245e-16
80 -7.49401e-16
81 -1.6237e-15
82 -9.57567e-16
83 -1.6237e-15
84 -8.32667e-17
85 -1.249e-16
86 1.249e-16
87 9.15934e-16
88 -9.29812e-16
89 4.57967e-16
90 -1.08247e-15
91 1.01308e-15
92 -2.3731e-15
93 -1.79023e-15
94 -7.91034e-16
95 -1.38778e-15
96 -7.91034e-16
97 -8.04912e-16
98 -9.71445e-16
99 8.74301e-16
100 -5.13478e-16
101 1.47105e-15
102 -1.52656e-16
103 -4.996e-16
104 6.93889e-17
105 -8.32667e-17
106 -1.98452e-15
107 -6.10623e-16
108 -1.05471e-15
109 -4.71845e-16
110 7.07767e-16
111 1.29063e-15
112 6.52256e-16
113 8.88178e-16
114 -2.498e-16
115 -7.91034e-16
116 -1.58207e-15
117 1.80411e-16
118 1.38778e-16
119 -7.49401e-16
120 -5.82867e-16
121 1.66533e-16
122 -1.70697e-15
123 8.04912e-16
124 -8.74301e-16
125 -4.44089e-16
126 -4.30211e-16
127 -1.06859e-15
128 -1.19349e-15
129 -4.44089e-16
130 -8.74301e-16
131 -1.51268e-15
132 -4.57967e-16
133 -5.13478e-16
134 -4.44089e-16
135 1.11022e-16
136 -1.29063e-15
137 -5.96745e-16
138 5.55112e-17
139 -1.44329e-15
140 1.65146e-15
141 1.69309e-15
142 -5.41234e-16
143 -1.38778e-15
144 4.02456e-16
145 1.70697e-15
146 -4.30211e-16
147 -2.77556e-16
148 7.77156e-16
149 1.11022e-15
150 -5.68989e-16
151 2.77556e-17
152 3.46945e-16
153 1.8735e-15
154 -1.11022e-16
155 -4.71845e-16
156 5.41234e-16
157 8.32667e-16
158 -6.38378e-16
159 -1.59595e-15
160 -9.02056e-16
161 -1.11022e-15
162 -3.33067e-16
163 -8.46545e-16
164 -2.04003e-15
165 6.245e-16
166 -3.88578e-16
167 -8.32667e-17
168 -4.71845e-16
169 7.07767e-16
170 -2.63678e-16
171 -1.51268e-15
172 -3.33067e-16
173 6.80012e-16
174 -8.74301e-16
175 1.249e-15
176 -5.41234e-16
177 -1.249e-15
178 -1.67921e-15
179 -2.10942e-15
180 9.15934e-16
181 -5.27356e-16
182 -2.498e-16
183 1.80411e-16
184 -1.66533e-16
185 -3.33067e-16
186 2.08167e-16
187 -2.6229e-15
188 -1.16573e-15
189 7.77156e-16
190 5.55112e-17
191 -6.52256e-16
192 -1.19349e-15
193 -4.44089e-16
194 -4.16334e-17
195 -4.02456e-16
196 -1.249e-16
197 8.60423e-16
198 -1.51268e-15
199 -7.35523e-16
200 -1.19349e-15
201 2.35922e-16
202 4.57967e-16
203 -1.7486e-15
204 -1.63758e-15
205 -6.93889e-17
206 3.05311e-16
207 -1.04083e-15
208 6.93889e-17
209 -4.996e-16
210 -1.55431e-15
211 1.70697e-15
212 9.57567e-16
213 1.55431e-15
214 7.49401e-16
215 2.35922e-16
216 -1.19349e-15
217 -4.57967e-16
218 6.66134e-16
219 4.85723e-16
220 9.71445e-17
221 -4.16334e-16
222 -1.16573e-15
223 -2.498e-16
224 -3.05311e-16
225 1.54043e-15
226 1.98452e-15
227 3.88578e-16
228 5.96745e-16
229 -8.46545e-16
230 1.26288e-15
231 -3.747e-16
232 8.04912e-16
233 2.06779e-15
234 -1.249e-16
235 8.32667e-17
236 -2.498e-16
237 -1.11022e-16
238 1.3739e-15
239 1.56819e-15
240 -2.02616e-15
241 -4.996e-16
242 1.3739e-15
243 1.81799e-15
244 6.52256e-16
245 -7.49401e-16
246 5.27356e-16
247 6.80012e-16
248 -8.32667e-17
249 -1.66533e-16
250 -1.66533e-16
251 -3.747e-16
252 -1.26288e-15
253 0
254 -2.08167e-16
255 -1.66533e-15
256 -5.55112e-17
257 -1.95677e-15
258 -2.77556e-17
259 1.09635e-15
260 -2.09555e-15
261 -1.81799e-15
262 -2.09555e-15
263 -1.13798e-15
264 -3.33067e-16
265 -1.48492e-15
266 6.93889e-17
267 -8.32667e-16
268 4.996e-16
269 -5.55112e-16
270 -1.98452e-15
271 1.02696e-15
272 1.38778e-17
273 -5.27356e-16
274 -1.27676e-15
275 -8.32667e-17
276 -1.36002e-15
277 -7.35523e-16
278 -8.04912e-16
279 -2.05391e-15
280 -1.79023e-15
281 5.82867e-16
282 -7.63278e-16
283 2.22045e-16
284 -5.68989e-16
285 -1.31839e-15
286 -1.38778e-15
287 -9.71445e-17
288 2.01228e-15
289 -6.38378e-16
290 -4.02456e-16
291 7.07767e-16
292 -5.68989e-16
293 -1.11022e-15
294 1.52656e-16
295 3.60822e-16
296 -3.60822e-16
297 -9.02056e-16
298 -1.73472e-15
299 -8.74301e-16
300 0
301 -2.91434e-16
302 -1.01308e-15
303 1.80411e-16
304 -1.58207e-15
305 -1.26288e-15
306 3.05311e-16
307 1.66533e-16
308 -2.498e-16
309 1.54043e-15
310 -1.41553e-15
311 2.22045e-16
312 -8.74301e-16
313 6.10623e-16
314 -1.38778e-15
315 -3.05311e-16
316 -1.41553e-15
317 2.63678e-16
318 -1.3739e-15
319 -1.15186e-15
320 4.71845e-16
321 -1.16573e-15
322 -1.26288e-15
323 -1.73472e-15
324 -5.27356e-16
325 -1.40166e-15
326 -1.23512e-15
327 -7.35523e-16
328 1.249e-16
329 -2.77556e-17
330 2.35922e-16
331 -8.32667e-16
332 1.6237e-15
333 1.38778e-16
334 -5.27356e-16
335 1.40166e-15
336 3.747e-16
337 1.40166e-15
338 -5.55112e-17
339 -8.32667e-17
340 -1.34615e-15
341 1.56819e-15
342 3.33067e-16
343 -1.02696e-15
344 6.38378e-16
345 -9.4369e-16
346 7.21645e-16
347 -8.04912e-16
348 -1.67921e-15
349 -1.41553e-15
350 1.30451e-15
351 -1.11022e-16
352 6.93889e-16
353 3.19189e-16
354 1.31839e-15
355 -1.11022e-16
356 -3.46945e-16
357 5.55112e-17
358 7.35523e-16
359 -3.05311e-16
360 -8.88178e-16
361 1.11022e-15
362 -1.33227e-15
363 -1.05471e-15
364 -2.63678e-16
365 3.33067e-16
366 3.19189e-16
367 -1.06859e-15
368 -7.91034e-16
369 9.99201e-16
370 5.41234e-16
371 1.88738e-15
372 -9.71445e-17
373 -1.01308e-15
374 4.44089e-16
375 4.16334e-16
376 -1.38778e-16
377 1.6237e-15
378 1.80411e-16
379 -7.49401e-16
380 5.82867e-16
381 -6.93889e-17
382 -1.17961e-15
383 -1.51268e-15
384 1.23512e-15
385 -1.94289e-16
386 1.80411e-16
387 -3.05311e-16
388 -5.13478e-16
389 1.38778e-17
390 1.08247e-15
391 1.01308e-15
392 -1.04083e-15
393 -7.63278e-16
394 -2.35922e-16
395 -2.91434e-16
396 1.249e-16
397 1.22125e-15
398 -1.98452e-15
399 -1.95677e-15
400 -5.13478e-16
401 -1.16573e-15
402 9.4369e-16
403 -1.02696e-15
404 9.29812e-16
405 -6.66134e-16
406 7.63278e-16
407 4.71845e-16
408 -1.09635e-15
409 8.04912e-16
410 3.19189e-16
411 1.34615e-15
412 4.30211e-16
413 -1.02696e-15
414 1.94289e-16
415 1.01308e-15
416 1.27676e-15
417 9.99201e-16
418 1.66533e-16
419 5.27356e-16
420 1.51268e-15
421 6.80012e-16
422 1.30451e-15
423 -1.11022e-16
424 -1.249e-16
425 3.05311e-16
426 8.32667e-16
427 -1.52656e-15
428 -1.94289e-16
429 -2.06779e-15
430 -2.77556e-17
431 8.18789e-16
432 -1.34615e-15
433 3.747e-16
434 -1.38778e-17
435 -1.15186e-15
436 -2.35922e-16
437 1.6237e-15
438 5.27356e-16
439 1.13798e-15
440 -2.22045e-16
441 -1.16573e-15
442 6.80012e-16
443 -2.70617e-15
444 -1.41553e-15
445 2.35922e-16
446 -8.18789e-16
447 9.02056e-16
448 -6.66134e-16
449 -1.38778e-16
450 2.77556e-16
451 -4.996e-16
452 -5.41234e-16
453 -1.04083e-15
454 2.77556e-17
455 -1.20737e-15
456 -9.71445e-17
457 3.05311e-16
458 -6.66134e-16
459 2.67841e-15
460 -1.69309e-15
461 -2.22045e-16
462 -9.71445e-17
463 9.71445e-17
464 9.57567e-16
465 -7.91034e-16
466 -5.13478e-16
467 6.93889e-16
468 1.31839e-15
469 -1.66533e-16
470 -1.02696e-15
471 -4.44089e-16
472 -2.91434e-16
473 -1.58207e-15
474 -4.44089e-16
475 -8.04912e-16
476 1.11022e-16
477 -2.08167e-16
478 -1.48492e-15
479 -2.77556e-17
480 -1.20737e-15
481 -1.48492e-15
482 2.08167e-16
483 -1.94289e-16
484 5.68989e-16
485 1.04083e-15
486 -2.13718e-15
487 -1.56819e-15
488 -4.30211e-16
489 -6.93889e-17
490 7.63278e-16
491 -9.57567e-16
492 -2.77556e-16
493 7.21645e-16
494 5.55112e-16
495 -2.45637e-15
496 -4.85723e-16
497 -1.31839e-15
498 -8.60423e-16
499 4.57967e-16
